/*--------------------------------*- C++ -*----------------------------------*\
| =========                 |                                                 |
| \\      /  F ield         | OpenFOAM: The Open Source CFD Toolbox           |
|  \\    /   O peration     | Version:  dev                                   |
|   \\  /    A nd           | Web:      www.OpenFOAM.org                      |
|    \\/     M anipulation  |                                                 |
\*---------------------------------------------------------------------------*/
FoamFile
{
    version     2.0;
    format      ascii;
    class       volScalarField;
    location    "20";
    object      p;
}
// * * * * * * * * * * * * * * * * * * * * * * * * * * * * * * * * * * * * * //

dimensions      [0 2 -2 0 0 0 0];

internalField   nonuniform List<scalar> 
12225
(
12.9891
10.7379
9.711
9.68872
9.47099
9.04691
8.80041
8.82112
8.99064
9.18178
9.337
9.47199
9.63765
9.88064
10.2195
10.8811
11.3015
14.7446
9.82706
9.1405
8.93139
9.2611
9.22478
8.92618
8.76176
8.82804
9.01969
9.21865
9.37547
9.51092
9.67279
9.8923
10.2117
10.7425
11.845
12.3756
9.42468
9.40796
9.29073
9.45524
9.31813
9.00417
8.84234
8.89916
9.07084
9.24562
9.38085
9.50034
9.64536
9.8402
10.1049
10.4887
11.1161
10.8483
9.54518
9.5504
9.39798
9.44766
9.27732
8.99695
8.86349
8.92146
9.07657
9.23015
9.34868
9.45496
9.58312
9.748
9.95923
10.2131
10.4846
10.2715
9.55448
9.52042
9.3642
9.38957
9.2271
8.98662
8.8769
8.93184
9.06891
9.20342
9.30784
9.40201
9.51166
9.64285
9.7969
9.9472
10.0555
9.89524
9.49502
9.45483
9.30164
9.34591
9.20175
8.98604
8.88593
8.93118
9.05084
9.16912
9.26036
9.34159
9.43042
9.52672
9.6245
9.69784
9.71229
9.54824
9.43144
9.3986
9.25068
9.32061
9.19599
8.99111
8.88909
8.92115
9.02425
9.12856
9.20786
9.27658
9.3436
9.40528
9.45243
9.4654
9.41678
9.24972
9.37303
9.34351
9.2099
9.29448
9.19045
8.99264
8.88362
8.89999
8.98521
9.07668
9.14676
9.20408
9.24966
9.2783
9.28193
9.24889
9.1544
8.98598
9.31704
9.29166
9.1764
9.26194
9.17765
8.99028
8.87452
8.87202
8.93838
9.01844
9.08157
9.12695
9.15184
9.15156
9.11984
9.04931
8.91973
8.74417
9.26212
9.23488
9.14297
9.22165
9.15119
8.97934
8.85982
8.8378
8.88385
8.95123
9.00608
9.039
9.04746
9.0244
8.96485
8.86509
8.70925
8.52729
9.20802
9.17703
9.12229
9.18868
9.12082
8.9665
8.84722
8.80603
8.82701
8.87636
8.91908
8.94214
8.93908
8.90016
8.82001
8.69877
8.52671
8.343
9.15917
9.12362
9.09539
9.15294
9.08976
8.95705
8.84096
8.77858
8.76991
8.79576
8.82596
8.84347
8.83695
8.79174
8.70279
8.57013
8.38682
8.19845
9.11212
9.07169
9.04493
9.0988
9.05741
8.956
8.84473
8.75607
8.7106
8.7065
8.72026
8.73226
8.72378
8.68156
8.58963
8.45615
8.26314
8.08052
9.06102
9.0293
8.98059
9.02211
9.01818
8.96292
8.86144
8.74433
8.65371
8.60844
8.59405
8.59371
8.5852
8.54694
8.46442
8.33977
8.15548
7.988
9.00633
8.99313
8.91347
8.92084
8.95058
8.95426
8.88078
8.74619
8.61256
8.51519
8.46224
8.43576
8.42055
8.38743
8.32079
8.21293
8.04075
7.8897
8.94742
8.94081
8.85214
8.81205
8.84576
8.90638
8.88274
8.75845
8.59266
8.44747
8.34174
8.27965
8.23941
8.20524
8.14715
8.06856
7.92416
7.81441
8.88585
8.88414
8.80838
8.72352
8.72603
8.81207
8.84073
8.74864
8.57803
8.39648
8.24915
8.14775
8.08277
8.03495
7.98984
7.93516
7.82899
7.74849
8.82397
8.82096
8.76979
8.6678
8.62969
8.70416
8.75812
8.69868
8.54379
8.35198
8.1775
8.04827
7.96749
7.91376
7.87481
7.83639
7.75522
7.7062
8.76679
8.75261
8.71452
8.62727
8.57484
8.62635
8.67599
8.62749
8.48407
8.29698
8.11978
7.98192
7.89386
7.84013
7.80825
7.78066
7.71704
7.69275
8.74442
8.73034
8.69119
8.61969
8.57794
8.60996
8.63013
8.55013
8.39832
8.21472
8.05917
7.93851
7.87158
7.83265
7.82014
7.80395
7.75977
7.73588
8.74587
8.73267
8.67791
8.61921
8.59195
8.61448
8.5919
8.48297
8.31189
8.14647
8.01325
7.93227
7.88772
7.87624
7.86751
7.85965
7.80825
7.7828
8.76212
8.74648
8.67662
8.63753
8.62969
8.631
8.56469
8.41758
8.24338
8.09474
7.99611
7.94559
7.92718
7.92712
7.92133
7.90098
7.839
7.78831
8.78879
8.77108
8.68684
8.67089
8.67607
8.64487
8.53105
8.35649
8.18464
8.06149
7.99516
7.96918
7.96999
7.97174
7.9653
7.92853
7.85835
7.79259
8.82306
8.80668
8.70324
8.7066
8.71446
8.64849
8.49292
8.30228
8.14332
8.04788
8.00938
8.00402
8.01191
8.01375
7.99317
7.94566
7.85889
7.78195
8.86336
8.85692
8.7308
8.74049
8.73879
8.63649
8.45049
8.25547
8.11525
8.04671
8.0289
8.03735
8.04808
8.04422
8.01182
7.9501
7.85635
7.77611
8.9008
8.93227
8.78491
8.78634
8.76474
8.62544
8.41056
8.21585
8.09574
8.04819
8.04675
8.06276
8.074
8.0628
8.01965
7.94758
7.84931
7.76274
8.88215
9.00248
8.85356
8.8554
8.82273
8.64052
8.3928
8.19119
8.08264
8.05307
8.06177
8.08391
8.09239
8.0737
8.02148
7.94597
7.84601
7.74026
8.75857
8.90797
8.79733
8.8888
8.89231
8.68502
8.4057
8.18932
8.0845
8.0677
8.08629
8.10852
8.1163
8.08864
8.0258
7.94845
7.84887
7.73516
9.05243
8.5498
8.32772
8.58168
8.71134
8.5512
8.29179
8.09388
8.01336
8.0274
8.07185
8.11268
8.13395
8.11174
8.05015
7.97447
7.87921
7.76761
12.0382
10.1988
9.20194
9.10211
9.03125
8.73418
8.381
8.12209
8.00259
7.99339
8.02128
8.04626
8.05007
8.01277
7.93946
7.85267
7.74985
7.63483
6.25349
6.24062
6.21835
6.21638
6.22388
6.20648
6.145
6.03637
5.88701
5.69495
5.4729
5.22775
4.97635
4.7234
4.48122
4.25161
4.04434
3.86034
3.70441
3.57651
3.48015
3.41699
3.38724
3.39332
3.43384
3.51263
3.62557
3.77765
3.96236
4.18442
4.43389
4.71769
5.02415
5.36009
5.71221
6.09043
6.47989
6.89039
7.30565
7.73735
8.16841
8.60973
9.04426
9.4846
9.91375
10.3454
10.7639
11.1833
11.5865
11.9878
12.372
12.7525
13.1133
13.468
13.8039
14.1338
14.4442
14.7477
15.0325
15.3102
15.5702
15.8237
16.0599
16.2904
16.5062
16.717
16.9124
17.1026
17.2782
17.4478
17.6041
17.7571
17.8988
18.0369
18.1632
18.286
18.3981
18.5061
18.6043
18.6997
18.7868
18.8706
18.9472
19.0218
19.0885
19.1511
19.2053
19.2558
19.3015
19.3465
19.3911
19.4306
19.4624
19.4873
19.5063
19.5188
19.5269
19.5316
19.533
19.5316
19.5277
19.522
19.5143
19.5038
19.4913
19.4784
19.4634
19.4476
19.4326
19.4168
19.4008
19.3855
19.3685
19.3504
19.334
19.3193
19.3036
19.2864
19.2676
19.2497
19.2326
19.2142
19.1953
19.1763
19.1586
19.1432
19.1303
19.1163
19.0952
19.071
19.0503
19.0355
19.0211
19.0042
18.9849
18.9657
18.9498
18.9328
18.9134
18.8958
18.8799
18.8654
18.8535
18.8445
18.8315
18.8059
18.7786
18.7588
18.7387
18.7138
18.6949
18.6846
18.6686
18.6445
18.6256
18.6121
18.5974
18.5783
18.5503
18.5278
18.5133
18.4974
18.4789
18.4598
18.4413
18.4254
18.4157
18.4029
18.3894
18.3867
18.3902
18.3929
18.4093
18.4403
18.4839
18.5514
18.6389
18.7747
19.009
19.2741
6.34478
6.32985
6.31927
6.31457
6.28598
6.21406
6.0968
5.93388
5.73328
5.50104
5.25153
4.99243
4.73732
4.49025
4.25971
4.04668
3.85679
3.69014
3.55035
3.43728
3.35303
3.29976
3.27828
3.2897
3.33344
3.4127
3.52537
3.67385
3.85389
4.06873
4.31291
4.58928
4.89083
5.22082
5.57061
5.94404
6.3324
6.73927
7.15464
7.58304
8.01508
8.4544
8.89087
9.32981
9.76254
10.1941
10.6159
11.0344
11.4407
11.8406
12.2275
12.607
12.9707
13.3245
13.6634
13.9927
14.3059
14.6092
14.8984
15.177
15.4406
15.6955
15.9371
16.1697
16.3899
16.6031
16.8039
16.9966
17.1773
17.3498
17.511
17.6655
17.8107
17.9503
18.0801
18.2037
18.3184
18.4275
18.5289
18.626
18.716
18.8007
18.8802
18.9563
19.0263
19.0916
19.1501
19.2037
19.2528
19.301
19.3483
19.3896
19.4224
19.4495
19.4712
19.4848
19.4947
19.5015
19.5044
19.5043
19.5025
19.4988
19.4923
19.4819
19.4696
19.4587
19.4452
19.4295
19.4158
19.4004
19.3843
19.3712
19.3565
19.3375
19.3203
19.3062
19.2916
19.2755
19.2563
19.2389
19.2235
19.2061
19.1884
19.1697
19.1516
19.1339
19.1201
19.1089
19.0895
19.0646
19.042
19.0277
19.0153
18.9997
18.98
18.9599
18.9455
18.9301
18.9119
18.8949
18.8784
18.8611
18.8456
18.8378
18.8291
18.8021
18.7731
18.7562
18.7392
18.7118
18.6899
18.6832
18.6703
18.6429
18.6216
18.608
18.5945
18.5787
18.5491
18.5252
18.5102
18.4944
18.4769
18.458
18.4378
18.4208
18.4135
18.4009
18.385
18.3824
18.3866
18.3861
18.4003
18.4289
18.4706
18.5376
18.6128
18.7306
18.9361
19.1545
6.41153
6.34691
6.28141
6.21148
6.11216
5.97372
5.80124
5.59993
5.38072
5.14896
4.91511
4.68176
4.45678
4.24081
4.03961
3.8527
3.68464
3.53583
3.40958
3.30589
3.22739
3.17662
3.15502
3.16426
3.20488
3.27983
3.38767
3.53059
3.70562
3.91508
4.15509
4.42756
4.72637
5.05337
5.40208
5.77423
6.16299
6.56922
6.98533
7.41361
7.8474
8.28727
8.72562
9.16526
9.60074
10.0333
10.4567
10.8747
11.2826
11.682
12.0699
12.4483
12.8128
13.166
13.5055
13.8333
14.1477
14.4512
14.7426
15.0223
15.289
15.5455
15.7909
16.0265
16.2513
16.4676
16.6729
16.8686
17.0544
17.2314
17.3988
17.5573
17.7071
17.85
17.9849
18.1114
18.2295
18.3407
18.4449
18.5438
18.636
18.7219
18.8032
18.8799
18.9519
19.02
19.0825
19.1389
19.1919
19.244
19.2944
19.3388
19.3741
19.4038
19.4277
19.4436
19.4558
19.4651
19.4697
19.471
19.4709
19.4692
19.4642
19.4548
19.4432
19.4328
19.4212
19.407
19.3935
19.379
19.3638
19.3509
19.3374
19.3199
19.3028
19.2891
19.275
19.2591
19.2416
19.2259
19.2103
19.1922
19.1744
19.1564
19.1404
19.1237
19.1089
19.0964
19.0776
19.0543
19.0325
19.0182
19.0063
18.9918
18.9729
18.9533
18.9386
18.9234
18.906
18.8889
18.8725
18.8547
18.8382
18.8303
18.8225
18.7971
18.7685
18.7508
18.7349
18.7096
18.6867
18.6782
18.6668
18.6406
18.6179
18.603
18.5896
18.5748
18.5473
18.5232
18.5069
18.4901
18.4731
18.4549
18.4339
18.4168
18.4083
18.3968
18.3807
18.3753
18.3788
18.3792
18.3911
18.415
18.4537
18.5156
18.5787
18.6763
18.8383
18.9808
6.29822
6.1894
6.06812
5.93436
5.77706
5.59521
5.39681
5.18616
4.97158
4.75468
4.54211
4.33341
4.13374
3.94194
3.76258
3.59444
3.44168
3.3046
3.18688
3.08926
3.01465
2.96565
2.94428
2.95274
2.99195
3.06507
3.17141
3.31368
3.48895
3.69956
3.94177
4.21721
4.52003
4.85168
5.20575
5.58359
5.97838
6.39083
6.81345
7.2474
7.68616
8.13066
8.57422
9.01822
9.45705
9.89234
10.3191
10.7393
11.1489
11.5493
11.9377
12.3155
12.68
13.0332
13.3733
13.7019
14.0178
14.3223
14.6145
14.896
15.1657
15.4252
15.6738
15.9126
16.1408
16.3597
16.5681
16.7669
16.9561
17.1364
17.3074
17.4694
17.6229
17.7684
17.9057
18.0345
18.1553
18.2687
18.3747
18.4743
18.5671
18.6535
18.7347
18.8112
18.8833
18.9513
19.0146
19.0729
19.1283
19.183
19.2358
19.2828
19.3215
19.3534
19.3791
19.3984
19.4133
19.4248
19.432
19.4356
19.4372
19.4363
19.4319
19.424
19.4143
19.4044
19.3937
19.3813
19.3684
19.3554
19.3417
19.3286
19.3151
19.2995
19.2837
19.27
19.2559
19.2406
19.225
19.2097
19.1937
19.1763
19.1592
19.1425
19.1272
19.1115
19.0961
19.0811
19.0632
19.0428
19.0233
19.0084
18.9955
18.9809
18.9634
18.9453
18.9298
18.9144
18.8977
18.881
18.865
18.8485
18.833
18.8225
18.8111
18.7891
18.7637
18.7443
18.7275
18.706
18.6846
18.6717
18.6592
18.6371
18.6148
18.5984
18.584
18.5676
18.5435
18.5206
18.5028
18.485
18.4675
18.4495
18.4294
18.4129
18.4012
18.3899
18.3757
18.3672
18.3678
18.3696
18.3785
18.3969
18.4301
18.4805
18.534
18.6112
18.727
18.8102
5.98271
5.85199
5.70538
5.54549
5.36803
5.17391
4.97169
4.76446
4.55903
4.35511
4.15763
3.96464
3.78036
3.60259
3.4354
3.27741
3.13263
3.00117
2.88694
2.79107
2.71708
2.66749
2.64497
2.65263
2.69172
2.76559
2.87386
3.01933
3.19954
3.41674
3.66676
3.95112
4.26398
4.60675
4.97243
5.36182
5.76799
6.1916
6.62512
7.06949
7.51785
7.97086
8.42207
8.87277
9.31751
9.75761
10.1884
10.6117
11.0239
11.4264
11.8162
12.1953
12.5611
12.9154
13.2569
13.5872
13.9049
14.2116
14.5066
14.791
15.0641
15.3266
15.5785
15.8203
16.0516
16.273
16.4843
16.6859
16.8779
17.0608
17.2344
17.3992
17.5555
17.7031
17.8422
17.9732
18.0961
18.2112
18.3187
18.419
18.5125
18.5996
18.6806
18.7563
18.8274
18.8943
18.9569
19.0152
19.0708
19.1258
19.1798
19.2285
19.2693
19.3028
19.3304
19.3526
19.3704
19.384
19.3937
19.3996
19.4026
19.4025
19.399
19.3929
19.3847
19.3757
19.3659
19.3549
19.3432
19.3314
19.3189
19.3061
19.2928
19.2785
19.2641
19.2504
19.2361
19.2217
19.2073
19.1926
19.1771
19.1608
19.1445
19.1286
19.113
19.0975
19.082
19.0663
19.0495
19.0314
19.0137
18.9983
18.9842
18.9697
18.9535
18.9365
18.9205
18.9053
18.8894
18.8732
18.8576
18.842
18.8269
18.8137
18.7995
18.7804
18.7583
18.7384
18.7209
18.7015
18.6816
18.6659
18.6519
18.6328
18.6115
18.5938
18.5779
18.5603
18.5389
18.5172
18.4981
18.4796
18.4614
18.4432
18.4245
18.4079
18.3942
18.3819
18.3688
18.359
18.3562
18.3567
18.3622
18.3759
18.4015
18.4395
18.4836
18.5404
18.6151
18.6556
5.5281
5.39328
5.24222
5.07987
4.90461
4.71611
4.52212
4.32484
4.13048
3.93786
3.75126
3.56804
3.39211
3.22091
3.05839
2.90311
2.75931
2.62704
2.51072
2.41192
2.33463
2.28194
2.25708
2.26342
2.30282
2.37909
2.49201
2.64435
2.83367
3.0622
3.32535
3.62432
3.95303
4.3124
4.69503
5.10144
5.52418
5.96373
6.41257
6.87113
7.3321
7.79638
8.25783
8.7173
9.16943
9.6159
10.0521
10.4799
10.8955
11.3009
11.6934
12.0746
12.4427
12.7996
13.1435
13.4766
13.7974
14.1074
14.4058
14.6936
14.97
15.2358
15.4908
15.7355
15.9696
16.1937
16.4078
16.6121
16.8067
16.992
17.1681
17.3353
17.4938
17.6436
17.7846
17.9175
18.0423
18.1588
18.2678
18.3693
18.4637
18.5515
18.6332
18.7089
18.7795
18.8455
18.9074
18.9651
19.0196
19.0741
19.1279
19.177
19.2186
19.2533
19.2824
19.3073
19.3274
19.3431
19.3549
19.3629
19.3673
19.3681
19.3661
19.3616
19.3548
19.3468
19.3383
19.3286
19.318
19.3072
19.2956
19.2834
19.2708
19.2575
19.2442
19.2309
19.217
19.203
19.1896
19.1759
19.1613
19.1457
19.1297
19.114
19.0983
19.0833
19.0684
19.0529
19.0367
19.0201
19.0036
18.9881
18.9734
18.9589
18.9438
18.9274
18.9114
18.8966
18.8813
18.8656
18.8502
18.8348
18.8196
18.805
18.79
18.7725
18.7525
18.7331
18.7152
18.6966
18.6776
18.6607
18.6458
18.6279
18.6074
18.5892
18.572
18.5538
18.5338
18.513
18.4933
18.4743
18.4555
18.4371
18.4189
18.4021
18.387
18.3733
18.3603
18.3498
18.3437
18.3412
18.3434
18.3524
18.3699
18.3968
18.4296
18.4666
18.5075
18.5149
4.99804
4.86889
4.72314
4.56811
4.40368
4.22757
4.0463
3.86099
3.67737
3.49366
3.3141
3.13554
2.9621
2.79109
2.62682
2.46769
2.31836
2.17933
2.05564
1.94921
1.86479
1.80578
1.77645
1.78094
1.82122
1.90137
2.0216
2.18438
2.38702
2.6316
2.91326
3.23258
3.58268
3.9642
4.36941
4.79816
5.24252
5.70268
6.17076
6.64685
7.12347
7.60175
8.07548
8.5456
9.00691
9.46118
9.90385
10.337
10.7574
11.1669
11.563
11.9479
12.3195
12.6799
13.0276
13.3645
13.6891
14.0028
14.3047
14.5961
14.8758
15.1448
15.4029
15.6506
15.8876
16.1146
16.3313
16.5382
16.7353
16.923
17.1015
17.2711
17.4318
17.5837
17.7267
17.8614
17.9879
18.1061
18.2166
18.3193
18.4147
18.5036
18.5861
18.6626
18.7335
18.7995
18.8612
18.9183
18.9722
19.0257
19.0787
19.1273
19.169
19.2045
19.2348
19.2614
19.2833
19.301
19.3151
19.325
19.3308
19.3329
19.3323
19.3293
19.3241
19.3174
19.3102
19.3018
19.2925
19.2825
19.272
19.2606
19.2488
19.2363
19.2238
19.2112
19.1981
19.1849
19.1723
19.1593
19.1451
19.1301
19.1148
19.0993
19.0838
19.0693
19.0552
19.0402
19.0246
19.009
18.9934
18.978
18.9633
18.9488
18.9343
18.9185
18.9025
18.8881
18.8734
18.8582
18.8431
18.8278
18.8126
18.7974
18.782
18.7652
18.7469
18.7282
18.71
18.6917
18.6734
18.6563
18.6407
18.6229
18.6029
18.5847
18.5669
18.5483
18.5289
18.5086
18.4886
18.4692
18.45
18.4314
18.4133
18.396
18.3798
18.3645
18.3509
18.3393
18.3302
18.3245
18.3233
18.3272
18.3369
18.3533
18.3735
18.3923
18.4057
18.387
4.4378
4.31865
4.18161
4.03733
3.88592
3.7232
3.55439
3.37917
3.20303
3.02385
2.84616
2.66656
2.48949
2.31201
2.13906
1.96923
1.80774
1.6551
1.51768
1.39797
1.30165
1.23294
1.19682
1.19794
1.23925
1.32488
1.45499
1.63185
1.85243
2.11859
2.42464
2.7703
3.14822
3.55826
3.99182
4.44841
4.91939
5.40457
5.89565
6.39255
6.88791
7.38275
7.87073
8.35325
8.82534
9.28878
9.7393
10.1793
10.6057
11.0208
11.422
11.8116
12.188
12.5531
12.9054
13.2465
13.5752
13.8928
14.1986
14.4935
14.7766
15.0491
15.3105
15.5613
15.8012
16.0312
16.2508
16.4603
16.66
16.8503
17.0313
17.2033
17.3662
17.5201
17.6652
17.8019
17.9303
18.0503
18.1622
18.2663
18.3631
18.4531
18.5367
18.6141
18.6858
18.7522
18.8143
18.8716
18.9251
18.9779
19.0301
19.078
19.1196
19.1555
19.1868
19.2144
19.2376
19.2571
19.2731
19.2849
19.2922
19.2958
19.2967
19.2954
19.2919
19.2869
19.281
19.274
19.2657
19.2567
19.2471
19.2368
19.2257
19.2141
19.2025
19.1907
19.1784
19.1661
19.1543
19.1417
19.128
19.1138
19.0993
19.0845
19.0693
19.0551
19.0418
19.0275
19.0125
18.9977
18.9827
18.9675
18.9531
18.9389
18.9247
18.9093
18.8937
18.8796
18.8656
18.8507
18.8358
18.8209
18.8059
18.7905
18.7747
18.7583
18.741
18.7232
18.705
18.6869
18.6692
18.6521
18.6358
18.6178
18.5985
18.5803
18.5621
18.5434
18.5242
18.5042
18.4839
18.4642
18.4447
18.4258
18.4077
18.3898
18.3725
18.3559
18.3411
18.328
18.316
18.3074
18.3026
18.3009
18.3032
18.3093
18.3169
18.3195
18.3107
18.2714
3.88031
3.77364
3.64548
3.51182
3.37249
3.22064
3.0602
2.8902
2.71617
2.53529
2.35279
2.16493
1.97684
1.78518
1.59554
1.4067
1.22502
1.05132
0.892939
0.753111
0.63917
0.555911
0.509659
0.506027
0.54852
0.641188
0.78444
0.980211
1.22464
1.51863
1.85591
2.23526
2.64805
3.09362
3.56243
4.05298
4.55574
5.07035
5.58828
6.10929
6.62593
7.13959
7.64399
8.14077
8.6251
9.09915
9.55884
10.007
10.4408
10.8627
11.2702
11.6658
12.0477
12.4179
12.775
13.1206
13.4535
13.7753
14.0849
14.3836
14.6704
14.9464
15.2112
15.4653
15.7085
15.9415
16.164
16.3766
16.5791
16.7721
16.9558
17.1302
17.2955
17.4518
17.599
17.7379
17.8684
17.9902
18.1037
18.2095
18.308
18.3993
18.484
18.5627
18.6353
18.7025
18.7651
18.8229
18.8766
18.9289
18.9808
19.0286
19.0702
19.106
19.1375
19.1659
19.1906
19.2116
19.2293
19.2429
19.2514
19.2565
19.2593
19.2599
19.258
19.2547
19.2502
19.2446
19.2374
19.2295
19.2207
19.2111
19.2011
19.1907
19.1801
19.1691
19.1575
19.1462
19.135
19.1228
19.1098
19.0963
19.0826
19.0689
19.0542
19.0406
19.0276
19.014
18.9998
18.9858
18.9714
18.9566
18.9425
18.9288
18.9148
18.8999
18.885
18.8714
18.8577
18.843
18.8283
18.8141
18.7995
18.7841
18.7682
18.752
18.7353
18.7181
18.7002
18.6824
18.6651
18.6479
18.6311
18.613
18.5945
18.5761
18.5574
18.5388
18.5198
18.4999
18.4793
18.4592
18.4397
18.4205
18.4022
18.3837
18.3653
18.3474
18.3311
18.3162
18.3016
18.29
18.2813
18.2742
18.2691
18.2653
18.261
18.2495
18.2227
18.1674
3.35212
3.25899
3.13911
3.01411
2.88287
2.73708
2.57964
2.40813
2.22893
2.03898
1.84375
1.63909
1.43092
1.21569
0.999905
0.782332
0.570739
0.366125
0.177735
0.00966765
-0.128964
-0.23178
-0.291133
-0.301017
-0.256844
-0.154615
0.00573039
0.225792
0.500981
0.831161
1.20854
1.63049
2.08699
2.57622
3.08727
3.61808
4.15827
4.70688
5.25528
5.8035
6.34404
6.87857
7.40106
7.91357
8.41147
8.89741
9.36761
9.82518
10.2674
10.6968
11.1111
11.5129
11.9002
12.2756
12.6374
12.9876
13.3248
13.6507
13.9642
14.2667
14.5574
14.8371
15.1053
15.3629
15.6095
15.8458
16.0714
16.287
16.4927
16.6885
16.8748
17.052
17.2199
17.3788
17.5284
17.6694
17.8021
17.9261
18.0414
18.149
18.2493
18.3423
18.4283
18.5081
18.5821
18.6504
18.7137
18.772
18.826
18.8787
18.9304
18.9782
19.0199
19.0559
19.0877
19.1168
19.1427
19.165
19.184
19.1989
19.209
19.2158
19.2204
19.2227
19.2227
19.2209
19.2179
19.2135
19.2075
19.2006
19.1929
19.1843
19.1754
19.1661
19.1566
19.1463
19.1356
19.1253
19.1148
19.103
19.0907
19.0778
19.065
19.0521
19.0383
19.0254
19.0126
18.9994
18.9864
18.9732
18.9593
18.945
18.9313
18.918
18.9045
18.8903
18.8761
18.8628
18.8495
18.8352
18.8208
18.8072
18.793
18.7776
18.7617
18.7458
18.7294
18.7127
18.6952
18.6778
18.6607
18.6434
18.6265
18.6086
18.5904
18.5718
18.5529
18.5343
18.5155
18.4957
18.475
18.4546
18.4348
18.4152
18.3967
18.3776
18.358
18.3388
18.321
18.3043
18.2873
18.2725
18.2597
18.2474
18.2353
18.2223
18.2073
18.1834
18.1419
18.0739
2.87708
2.80003
2.68845
2.56925
2.44127
2.29462
2.1324
1.95187
1.7594
1.55093
1.33338
1.1019
0.863276
0.613516
0.360471
0.102466
-0.150696
-0.397123
-0.62589
-0.831683
-1.00289
-1.13169
-1.20838
-1.2262
-1.17971
-1.06447
-0.880971
-0.629029
-0.314405
0.0617032
0.48953
0.96467
1.47493
2.01694
2.57827
3.15574
3.73851
4.32562
4.90792
5.48594
6.0525
6.60961
7.15153
7.68085
8.19332
8.69208
9.17345
9.64062
10.0911
10.5278
10.9485
11.3561
11.7488
12.1291
12.4954
12.85
13.1914
13.5212
13.8386
14.145
14.4395
14.7227
14.9946
15.2558
15.5059
15.7455
15.9744
16.1931
16.4018
16.6008
16.7901
16.9701
17.1406
17.302
17.4542
17.5978
17.7326
17.8586
17.9761
18.0859
18.188
18.2826
18.3702
18.4513
18.5267
18.5966
18.6609
18.7198
18.7745
18.8277
18.8797
18.9275
18.9694
19.0059
19.0381
19.0676
19.0944
19.1177
19.1378
19.1539
19.1654
19.1736
19.1798
19.1838
19.1858
19.1858
19.1845
19.1815
19.1767
19.171
19.1645
19.1572
19.1495
19.1411
19.1325
19.1231
19.1133
19.1035
19.0936
19.0827
19.0711
19.0587
19.0467
19.0345
19.0216
19.0094
18.997
18.9846
18.9726
18.9599
18.9464
18.933
18.9199
18.9069
18.8939
18.8804
18.8668
18.8539
18.8413
18.8274
18.8132
18.8001
18.7862
18.7709
18.7553
18.7396
18.7235
18.7072
18.6903
18.6732
18.6561
18.6389
18.6221
18.6044
18.5863
18.5677
18.5487
18.5301
18.5109
18.4914
18.471
18.4503
18.43
18.4102
18.3912
18.3714
18.3508
18.3303
18.3109
18.2924
18.2732
18.2552
18.2382
18.2208
18.2021
18.181
18.1563
18.1214
18.0679
17.9901
2.48038
2.42002
2.31609
2.19978
2.0694
1.91554
1.74181
1.54396
1.32966
1.09365
0.843249
0.573708
0.292893
-0.00390204
-0.306747
-0.61785
-0.925671
-1.22721
-1.50864
-1.7631
-1.97603
-2.138
-2.23673
-2.26447
-2.21493
-2.0835
-1.87103
-1.57821
-1.21281
-0.778309
-0.287343
0.253044
0.828001
1.43218
2.05144
2.68208
3.31249
3.94158
4.56042
5.17022
5.76408
6.34465
6.90667
7.45316
7.98004
8.49095
8.98263
9.45857
9.91647
10.3597
10.7862
11.199
11.5965
11.9812
12.3517
12.7102
13.0555
13.3893
13.7105
14.0206
14.3187
14.6057
14.8812
15.146
15.3996
15.6427
15.8749
16.0968
16.3086
16.5108
16.7032
16.8861
17.0591
17.2229
17.3778
17.5237
17.6609
17.7893
17.9092
18.021
18.1249
18.2214
18.3108
18.3938
18.471
18.5422
18.6077
18.6675
18.723
18.777
18.8295
18.8775
18.9198
18.9569
18.9895
19.0193
19.0464
19.07
19.0908
19.1079
19.1207
19.1306
19.1381
19.1437
19.1474
19.1496
19.1503
19.149
19.1456
19.1411
19.1356
19.1297
19.1231
19.1156
19.1078
19.0996
19.0906
19.0811
19.0716
19.0616
19.0508
19.0392
19.0279
19.0165
19.0043
18.9928
18.9814
18.9699
18.9584
18.9463
18.9336
18.9211
18.9085
18.8956
18.883
18.8703
18.8573
18.8448
18.8327
18.8192
18.8055
18.7928
18.7789
18.764
18.7489
18.7333
18.7172
18.7014
18.6853
18.6685
18.6513
18.6341
18.6174
18.6
18.5822
18.5637
18.5445
18.5257
18.5065
18.4874
18.4672
18.446
18.4254
18.4051
18.3856
18.3652
18.3437
18.3221
18.301
18.2807
18.2593
18.2381
18.2171
18.1949
18.1703
18.142
18.1083
18.064
18.0007
17.9151
2.19112
2.14637
2.04844
1.93194
1.795
1.6279
1.43497
1.21148
0.966077
0.692713
0.399676
0.0808483
-0.253957
-0.610926
-0.977864
-1.35618
-1.73227
-2.10214
-2.44897
-2.76427
-3.02975
-3.23398
-3.36119
-3.4012
-3.34688
-3.1943
-2.94525
-2.60138
-2.17287
-1.66684
-1.09962
-0.481494
0.169195
0.844556
1.52852
2.21697
2.89832
3.57186
4.22893
4.87145
5.49266
6.09595
6.67665
7.23865
7.77821
8.29951
8.79986
9.28322
9.74731
10.1958
10.627
11.0441
11.4455
11.8341
12.2083
12.5705
12.9194
13.2569
13.5817
13.8954
14.197
14.4878
14.767
15.0352
15.292
15.5385
15.7743
15.9997
16.2146
16.4197
16.6149
16.8006
16.9764
17.1429
17.3002
17.4485
17.5881
17.7189
17.8413
17.9552
18.0607
18.1593
18.2512
18.3362
18.415
18.4875
18.5543
18.6155
18.6723
18.7269
18.7798
18.8278
18.8704
18.9081
18.9416
18.9718
18.9988
19.0225
19.0434
19.061
19.0752
19.0867
19.0955
19.1028
19.1083
19.1123
19.1149
19.1154
19.1137
19.1105
19.1062
19.1014
19.0957
19.0893
19.0825
19.0753
19.0671
19.0581
19.0489
19.0396
19.0299
19.0195
19.009
18.9985
18.9872
18.9764
18.966
18.9555
18.9446
18.9332
18.9213
18.9092
18.8968
18.8843
18.8723
18.8604
18.8482
18.836
18.8241
18.8111
18.798
18.7854
18.7716
18.7571
18.7424
18.7269
18.7111
18.6958
18.6802
18.6636
18.6465
18.6295
18.613
18.5959
18.5783
18.5598
18.5404
18.5214
18.5025
18.4835
18.4633
18.4419
18.4211
18.4003
18.3802
18.3591
18.3369
18.3139
18.2914
18.2695
18.2458
18.2214
18.1968
18.1701
18.1401
18.1053
18.0636
18.011
17.9397
17.8482
2.05213
2.01135
1.92152
1.80436
1.65699
1.47117
1.25268
0.99531
0.709442
0.388962
0.042726
-0.337225
-0.738907
-1.16877
-1.61338
-2.07321
-2.53216
-2.98562
-3.41237
-3.80101
-4.12924
-4.38321
-4.54406
-4.59846
-4.53703
-4.35683
-4.06154
-3.6552
-3.15129
-2.56142
-1.90676
-1.20182
-0.468398
0.283217
1.03595
1.78511
2.51894
3.23702
3.93102
4.604
5.25019
5.87352
6.47012
7.04474
7.59428
8.12329
8.62984
9.11832
9.58676
10.039
10.4735
10.8938
11.2983
11.6899
12.0672
12.4325
12.7847
13.1254
13.4537
13.7709
14.0761
14.3703
14.6529
14.9247
15.185
15.4349
15.674
15.9027
16.1207
16.3289
16.5271
16.7157
16.8944
17.0636
17.2234
17.3741
17.5158
17.6488
17.7731
17.8891
17.9967
18.0974
18.1911
18.2781
18.3585
18.4326
18.5006
18.5637
18.621
18.6765
18.7296
18.7782
18.8211
18.8593
18.8934
18.924
18.9514
18.9754
18.9964
19.0142
19.0295
19.0422
19.0526
19.0615
19.0688
19.0743
19.0784
19.0807
19.0808
19.0792
19.0762
19.0721
19.0672
19.0619
19.0564
19.0503
19.0429
19.0345
19.0257
19.0171
19.0088
18.9998
18.9906
18.9811
18.9706
18.9603
18.9507
18.9412
18.9308
18.92
18.9088
18.897
18.8848
18.8729
18.8617
18.8507
18.8392
18.8273
18.8156
18.8031
18.7906
18.7779
18.7643
18.7501
18.7355
18.7205
18.7052
18.6903
18.675
18.6585
18.6417
18.625
18.6086
18.5917
18.5742
18.5559
18.5365
18.5174
18.4988
18.4797
18.4593
18.438
18.417
18.3958
18.3748
18.3531
18.3302
18.3061
18.2823
18.2586
18.2328
18.2055
18.1775
18.1467
18.1118
18.0711
18.0226
17.9629
17.8847
17.7885
2.09971
2.04378
1.97051
1.85149
1.69032
1.48058
1.23023
0.933822
0.600939
0.22309
-0.186854
-0.637544
-1.11646
-1.63115
-2.16548
-2.71924
-3.27249
-3.81909
-4.33508
-4.80571
-5.2036
-5.51052
-5.7052
-5.7721
-5.6998
-5.48671
-5.13968
-4.66495
-4.08019
-3.40234
-2.6576
-1.8638
-1.04582
-0.216638
0.605195
1.41379
2.19748
2.9566
3.68381
4.38237
5.04863
5.68699
6.29496
6.87754
7.43329
7.96649
8.47635
8.96691
9.43749
9.89131
10.3279
10.7497
11.1565
11.5501
11.9302
12.2979
12.6531
12.9966
13.3284
13.6486
13.9575
14.2548
14.5412
14.8163
15.0805
15.3336
15.576
15.8078
16.0293
16.2402
16.4415
16.6326
16.8142
16.9858
17.1483
17.3011
17.445
17.5801
17.7061
17.824
17.9337
18.0362
18.1314
18.2201
18.3022
18.3772
18.448
18.511
18.5705
18.6263
18.68
18.7291
18.7725
18.8112
18.8457
18.8766
18.9044
18.9289
18.9502
18.9683
18.9843
18.9979
19.01
19.0205
19.0291
19.0357
19.0411
19.0447
19.0466
19.0466
19.0449
19.0418
19.0378
19.0337
19.0299
19.025
19.0184
19.0105
19.0024
18.9948
18.9878
18.9803
18.9722
18.9636
18.9541
18.9442
18.9353
18.9265
18.9164
18.906
18.8954
18.8845
18.8729
18.8614
18.8508
18.8408
18.8299
18.8186
18.8071
18.7951
18.783
18.7704
18.757
18.7431
18.7287
18.7142
18.6996
18.685
18.6698
18.6533
18.6369
18.6208
18.6044
18.5877
18.5704
18.5522
18.533
18.5138
18.4951
18.476
18.4555
18.4343
18.4132
18.3915
18.3697
18.3473
18.3237
18.2988
18.2737
18.2481
18.2203
18.1906
18.1594
18.1248
18.0854
18.0395
17.9852
17.9194
17.8354
17.7353
2.3362
2.27992
2.22562
2.10604
1.92705
1.68575
1.39667
1.05091
0.66405
0.223399
-0.256547
-0.787336
-1.35051
-1.95719
-2.58655
-3.24032
-3.89138
-4.53518
-5.13984
-5.6918
-6.15678
-6.51608
-6.74213
-6.82105
-6.73912
-6.49865
-6.10708
-5.5715
-4.9121
-4.1492
-3.31515
-2.43163
-1.52972
-0.624048
0.262597
1.12604
1.95255
2.7458
3.49746
4.21479
4.89267
5.53965
6.15169
6.73724
7.293
7.82673
8.33533
8.82578
9.2951
9.74929
10.1854
10.6086
11.0157
11.4114
11.7928
12.1634
12.5207
12.8678
13.2021
13.5262
13.838
14.1394
14.4291
14.7082
14.9755
15.2328
15.4777
15.7132
15.9374
16.1519
16.3554
16.5499
16.7333
16.9079
17.0723
17.2274
17.3746
17.5107
17.6398
17.7584
17.8711
17.9739
18.0715
18.1606
18.244
18.3216
18.3931
18.4593
18.5188
18.576
18.63
18.6792
18.7232
18.7626
18.7981
18.8292
18.857
18.8822
18.9041
18.9228
18.939
18.953
18.9663
18.9786
18.9884
18.9961
19.0022
19.007
19.0103
19.0116
19.0113
19.0098
19.0067
19.0041
19.0025
18.9988
18.9933
18.9863
18.9784
18.9718
18.9661
18.9596
18.9526
18.9453
18.9368
18.9277
18.9193
18.9108
18.9009
18.8908
18.8811
18.8716
18.861
18.8497
18.8395
18.83
18.8199
18.8097
18.7986
18.7868
18.7751
18.7627
18.7496
18.736
18.722
18.708
18.694
18.6799
18.6645
18.648
18.632
18.6166
18.6003
18.5837
18.5666
18.5486
18.5295
18.5104
18.4916
18.4723
18.4519
18.4308
18.4095
18.3874
18.3649
18.3418
18.3175
18.292
18.2656
18.2383
18.2087
18.1768
18.1426
18.1044
18.0611
18.0108
17.9514
17.8802
17.7915
17.6881
2.82769
2.79785
2.75735
2.63026
2.42679
2.15133
1.82054
1.42624
0.981687
0.476692
-0.0718199
-0.677311
-1.32266
-2.01502
-2.7333
-3.47827
-4.22074
-4.95489
-5.64761
-6.28337
-6.82627
-7.25155
-7.52666
-7.63584
-7.56371
-7.30957
-6.88073
-6.28681
-5.55284
-4.70572
-3.78386
-2.81587
-1.8369
-0.866093
0.0731081
0.975792
1.83076
2.64226
3.40484
4.12662
4.80501
5.44908
6.05668
6.63648
7.18637
7.71417
8.21773
8.70366
9.16961
9.62116
10.0559
10.4782
10.8852
11.2819
11.6647
12.0372
12.3964
12.7465
13.0837
13.4113
13.726
14.0315
14.3243
14.6061
14.8788
15.1386
15.3887
15.6251
15.8537
16.0694
16.2774
16.4735
16.6609
16.8357
17.0018
17.1596
17.3073
17.4478
17.5766
17.6992
17.8116
17.9175
18.0145
18.1061
18.1888
18.268
18.343
18.4102
18.4712
18.5291
18.5831
18.6321
18.6763
18.7168
18.7535
18.7844
18.8119
18.8377
18.8603
18.8796
18.8964
18.9101
18.9234
18.9367
18.9477
18.9567
18.9636
18.9692
18.9734
18.9762
18.9775
18.9781
18.9754
18.9743
18.9749
18.9717
18.9677
18.9626
18.9549
18.9491
18.9446
18.9385
18.9327
18.9267
18.9191
18.911
18.9033
18.8953
18.8859
18.8759
18.8667
18.8586
18.8497
18.8386
18.8287
18.8196
18.81
18.8009
18.7901
18.7786
18.7675
18.7551
18.7425
18.7296
18.7157
18.7017
18.6884
18.675
18.6598
18.6431
18.6276
18.6127
18.5966
18.5799
18.5629
18.5453
18.5265
18.5074
18.4884
18.469
18.4488
18.4276
18.406
18.3835
18.3606
18.3368
18.3118
18.2856
18.2582
18.2293
18.198
18.164
18.1273
18.0858
18.039
17.9852
17.9212
17.8451
17.7524
17.6464
3.53199
3.52324
3.48518
3.34354
3.11706
2.81647
2.4545
2.02277
1.53365
0.978329
0.37291
-0.293628
-1.00825
-1.77586
-2.57674
-3.40976
-4.24613
-5.07589
-5.86642
-6.5925
-7.21621
-7.70998
-8.03626
-8.17505
-8.11187
-7.84424
-7.37948
-6.73068
-5.9282
-5.00685
-4.01097
-2.97599
-1.94014
-0.926062
0.0441078
0.965068
1.82942
2.6416
3.4
4.11304
4.78076
5.41233
6.00763
6.57528
7.11426
7.63201
8.12711
8.60589
9.06615
9.51383
9.94562
10.3652
10.7738
11.1687
11.5549
11.9266
12.2901
12.6402
12.9824
13.3112
13.6308
13.9372
14.2345
14.5212
14.7949
15.0612
15.3119
15.5542
15.7827
16.0034
16.2109
16.4119
16.5994
16.7779
16.9443
17.1037
17.2544
17.3943
17.5256
17.6482
17.7629
17.8686
17.9681
18.0606
18.1444
18.2243
18.2999
18.3679
18.4296
18.4881
18.5429
18.5917
18.6352
18.6765
18.7142
18.7447
18.7719
18.7981
18.8206
18.84
18.8579
18.8716
18.8851
18.898
18.909
18.9182
18.9264
18.9332
18.9376
18.9415
18.9454
18.9472
18.9446
18.946
18.9487
18.945
18.9415
18.9384
18.9323
18.928
18.9241
18.9188
18.9145
18.9085
18.9015
18.8949
18.888
18.8805
18.8724
18.8627
18.8537
18.8462
18.8388
18.8285
18.8186
18.8098
18.8007
18.7924
18.7819
18.7709
18.7605
18.7479
18.7357
18.7239
18.7102
18.6957
18.6827
18.6702
18.6553
18.6386
18.6235
18.609
18.5933
18.5766
18.5595
18.5421
18.5236
18.5047
18.4856
18.4661
18.4458
18.4248
18.4028
18.3801
18.3567
18.3323
18.3067
18.2798
18.2516
18.2212
18.1883
18.1524
18.1135
18.0693
18.0194
17.9621
17.8946
17.8142
17.718
17.6097
4.34809
4.35459
4.31035
4.14397
3.89781
3.58262
3.20036
2.74483
2.22433
1.6286
0.971459
0.247091
-0.533883
-1.37536
-2.25538
-3.16883
-4.09014
-5.00331
-5.87608
-6.67919
-7.36988
-7.91793
-8.28375
-8.44207
-8.37872
-8.09231
-7.58969
-6.89019
-6.02889
-5.04908
-3.99855
-2.91994
-1.85256
-0.821037
0.155496
1.07308
1.9271
2.72313
3.46482
4.15564
4.8052
5.4145
5.99344
6.54184
7.06824
7.57081
8.05766
8.52522
8.98071
9.42086
9.84954
10.268
10.6738
11.0729
11.4563
11.8329
12.1954
12.5513
12.8922
13.2276
13.5473
13.8589
14.1583
14.4487
14.7277
14.9948
15.2502
15.4938
15.727
15.9484
16.1587
16.3602
16.5515
16.7305
16.8998
17.0599
17.2111
17.3525
17.4845
17.6078
17.7237
17.8303
17.9295
18.0228
18.1071
18.188
18.2647
18.3328
18.3942
18.4529
18.5082
18.5562
18.599
18.6409
18.6791
18.7093
18.7358
18.7627
18.7854
18.8042
18.8227
18.8363
18.8503
18.8625
18.8726
18.882
18.8908
18.8988
18.9041
18.9082
18.9138
18.9169
18.9148
18.9182
18.9217
18.919
18.9175
18.915
18.9101
18.9074
18.9041
18.9006
18.8977
18.891
18.8847
18.8792
18.8731
18.8666
18.8601
18.851
18.8422
18.835
18.8283
18.8198
18.8096
18.8005
18.7921
18.7844
18.7744
18.7642
18.7538
18.7415
18.7297
18.7183
18.7051
18.6908
18.6781
18.6657
18.6506
18.6346
18.6202
18.6056
18.5902
18.5736
18.5567
18.5395
18.5211
18.5024
18.4833
18.4638
18.4434
18.4223
18.4002
18.3772
18.3533
18.3285
18.3023
18.2749
18.2459
18.2141
18.1798
18.1423
18.1011
18.0548
18.0021
17.9415
17.8711
17.7875
17.6881
17.5773
5.14587
5.17727
5.13317
4.94336
4.68246
4.36455
3.97403
3.49777
2.94452
2.31348
1.61228
0.834838
-0.00372349
-0.9041
-1.84798
-2.82624
-3.81585
-4.79616
-5.73114
-6.59128
-7.32969
-7.91148
-8.2957
-8.45417
-8.37716
-8.06197
-7.52096
-6.77605
-5.86964
-4.85024
-3.76896
-2.67393
-1.60186
-0.580045
0.380769
1.27279
2.09992
2.86577
3.57547
4.24039
4.8587
5.44598
5.99855
6.53046
7.03588
7.5276
7.99908
8.46076
8.90543
9.34279
9.76604
10.1823
10.5899
10.9867
11.373
11.7491
12.1158
12.4722
12.8181
13.154
13.4795
13.7922
14.096
14.3899
14.6722
14.9427
15.2003
15.4462
15.6816
15.9054
16.1178
16.3216
16.5146
16.695
16.8648
17.0264
17.1784
17.3212
17.4539
17.5769
17.6926
17.7998
17.8996
17.9929
18.0776
18.1586
18.2353
18.3036
18.3651
18.4235
18.4786
18.5265
18.5685
18.609
18.6466
18.6775
18.704
18.7305
18.7528
18.7717
18.7902
18.8037
18.8169
18.8281
18.8386
18.8487
18.8568
18.8651
18.8716
18.8761
18.8817
18.8858
18.8859
18.8906
18.8944
18.8933
18.8936
18.892
18.8883
18.8869
18.8848
18.8827
18.8794
18.8734
18.8694
18.8645
18.8591
18.8535
18.8478
18.8394
18.8308
18.8241
18.8182
18.8112
18.801
18.7917
18.7839
18.7767
18.7677
18.7577
18.7471
18.7353
18.7242
18.7129
18.7
18.6862
18.6734
18.6609
18.6463
18.631
18.617
18.6025
18.5871
18.5707
18.5543
18.5371
18.5188
18.5
18.4811
18.4616
18.4412
18.42
18.3978
18.3745
18.3502
18.325
18.2985
18.2705
18.2407
18.2077
18.1722
18.1333
18.0901
18.0419
17.9871
17.9235
17.8502
17.7639
17.6621
17.549
5.77172
5.85939
5.83288
5.62878
5.37546
5.08006
4.70563
4.22386
3.6416
2.98029
2.24147
1.42935
0.542981
-0.400071
-1.39765
-2.42337
-3.46708
-4.49402
-5.47661
-6.36764
-7.13346
-7.72112
-8.09976
-8.24176
-8.13459
-7.78825
-7.20983
-6.42952
-5.49428
-4.45543
-3.3708
-2.28304
-1.23444
-0.240683
0.680859
1.5351
2.31826
3.04535
3.71665
4.34323
4.9319
5.48814
6.01809
6.52607
7.01599
7.49058
7.95254
8.40269
8.84249
9.27268
9.6947
10.1085
10.5156
10.9129
11.2999
11.6779
12.0461
12.4053
12.7546
13.0933
13.422
13.7388
14.0455
14.3427
14.6277
14.9016
15.1626
15.4106
15.6476
15.8734
16.0886
16.2933
16.4878
16.6704
16.8409
17.0025
17.1559
17.2984
17.431
17.5548
17.6703
17.7783
17.8783
17.9701
18.0551
18.136
18.2117
18.2801
18.3415
18.3986
18.4528
18.5015
18.5429
18.5817
18.6182
18.6487
18.6752
18.7013
18.7232
18.742
18.7592
18.7726
18.7852
18.7961
18.8063
18.8162
18.8243
18.8324
18.8388
18.8452
18.8509
18.8555
18.8585
18.8634
18.8675
18.8682
18.8694
18.8701
18.8682
18.8675
18.8666
18.8654
18.8613
18.8563
18.8543
18.8508
18.8464
18.841
18.8359
18.8289
18.8204
18.8134
18.8081
18.8019
18.7923
18.7838
18.7762
18.7692
18.7612
18.7515
18.7412
18.7298
18.7193
18.7078
18.6952
18.682
18.6689
18.6564
18.6424
18.6277
18.6139
18.5998
18.5843
18.568
18.552
18.535
18.5167
18.4979
18.4792
18.4599
18.4394
18.4181
18.3956
18.3721
18.3475
18.322
18.2951
18.2667
18.2362
18.2022
18.1655
18.1254
18.0805
18.0305
17.9739
17.9079
17.8321
17.7432
17.6396
17.5245
6.13061
6.31169
6.35147
6.15254
5.93396
5.69785
5.357
4.87701
4.29098
3.60236
2.84361
2.00018
1.09085
0.10709
-0.92119
-1.99291
-3.06735
-4.13237
-5.13544
-6.04638
-6.80921
-7.38733
-7.74203
-7.85033
-7.71713
-7.33695
-6.72602
-5.91966
-4.96914
-3.93151
-2.86186
-1.80561
-0.795875
0.149663
1.02285
1.82465
2.56203
3.23788
3.86889
4.45722
5.01113
5.53761
6.04169
6.52826
7.00039
7.46067
7.91084
8.35274
8.78606
9.21226
9.63101
10.0443
10.4503
10.8481
11.2367
11.616
11.9865
12.3485
12.7013
13.0429
13.3748
13.6955
14.0057
14.306
14.5946
14.8711
15.1348
15.3854
15.6241
15.8529
16.0704
16.2759
16.4711
16.6552
16.8271
16.9892
17.1419
17.2845
17.4172
17.5413
17.6559
17.7637
17.8638
17.9545
18.0395
18.1197
18.1941
18.2622
18.3233
18.3793
18.4313
18.4791
18.5204
18.5581
18.5932
18.6226
18.6493
18.6741
18.6943
18.7127
18.7293
18.7426
18.7551
18.7655
18.7741
18.7831
18.7923
18.8004
18.8061
18.8137
18.8202
18.8256
18.8309
18.8363
18.8408
18.8431
18.8455
18.8483
18.8483
18.848
18.8481
18.8476
18.8446
18.8406
18.839
18.8368
18.8336
18.8288
18.8238
18.8176
18.8098
18.8028
18.7974
18.7917
18.7834
18.776
18.7689
18.7619
18.7544
18.7456
18.7355
18.7246
18.7144
18.7026
18.6901
18.6776
18.6646
18.652
18.6384
18.6242
18.6106
18.5969
18.5817
18.5655
18.5495
18.5327
18.5146
18.4958
18.4772
18.4581
18.4376
18.4162
18.3936
18.3698
18.3449
18.3191
18.2921
18.2634
18.232
18.1972
18.1597
18.1185
18.072
18.0207
17.9624
17.8944
17.8164
17.725
17.6201
17.5032
6.27562
6.49525
6.70239
6.54412
6.39427
6.2525
5.95784
5.4891
4.88452
4.18467
3.40601
2.55283
1.62057
0.617061
-0.444076
-1.54113
-2.64821
-3.73009
-4.74832
-5.65773
-6.40981
-6.96237
-7.28345
-7.36673
-7.196
-6.7814
-6.14086
-5.31565
-4.36153
-3.33796
-2.29864
-1.28604
-0.328225
0.561327
1.37754
2.12436
2.80663
3.43869
4.02169
4.5701
5.08953
5.58603
6.06519
6.53086
6.98643
7.43321
7.87301
8.30698
8.735
9.15719
9.5742
9.98599
10.3929
10.7912
11.1814
11.563
11.9361
12.3013
12.6571
13.0022
13.3373
13.662
13.9757
14.2794
14.5715
14.8509
15.1169
15.37
15.6114
15.8425
16.0615
16.2686
16.4645
16.6492
16.823
16.9848
17.1372
17.2799
17.4126
17.5362
17.6499
17.7566
17.8559
17.9461
18.0308
18.1095
18.1818
18.2491
18.3099
18.3641
18.4143
18.4605
18.5008
18.537
18.5708
18.5989
18.6252
18.6486
18.6673
18.6854
18.7015
18.7134
18.7257
18.7353
18.7421
18.7506
18.7604
18.7688
18.7749
18.7825
18.7895
18.796
18.8032
18.8101
18.8152
18.8183
18.8224
18.8281
18.8296
18.8293
18.8305
18.8306
18.8296
18.827
18.8252
18.8236
18.8209
18.8167
18.8118
18.8057
18.7986
18.7924
18.7871
18.7819
18.7749
18.7682
18.7618
18.7553
18.748
18.7397
18.7301
18.7197
18.7097
18.6977
18.6851
18.6731
18.6606
18.648
18.6345
18.6208
18.6074
18.5941
18.5793
18.5633
18.5471
18.5307
18.5128
18.494
18.4754
18.4564
18.4359
18.4145
18.3918
18.3678
18.3427
18.3165
18.2896
18.2606
18.2283
18.1928
18.1547
18.1123
18.0645
18.0123
17.9525
17.8827
17.8029
17.7093
17.6035
17.4849
6.46625
6.53013
6.95743
6.85506
6.77838
6.77114
6.54724
6.07195
5.45117
4.73205
3.94135
3.08098
2.13615
1.1146
0.0305435
-1.09144
-2.21955
-3.31576
-4.33494
-5.2362
-5.9688
-6.4931
-6.78544
-6.82742
-6.62675
-6.17894
-5.51304
-4.67665
-3.72911
-2.72962
-1.72929
-0.766498
0.135079
0.964958
1.72264
2.41275
3.04457
3.6227
4.16637
4.67636
5.16227
5.63036
6.08577
6.53215
6.9722
7.40701
7.8376
8.26472
8.68798
9.10734
9.52229
9.93468
10.3414
10.7412
11.1329
11.5172
11.8935
12.2618
12.6212
12.9703
13.309
13.6373
13.9547
14.2618
14.5579
14.8407
15.1093
15.3648
15.609
15.8419
16.0623
16.2713
16.4682
16.6535
16.8277
16.9902
17.1416
17.2838
17.416
17.5386
17.6518
17.7575
17.855
17.9442
18.0278
18.1046
18.1753
18.2413
18.3003
18.3526
18.4013
18.4456
18.4836
18.5181
18.5502
18.5768
18.6012
18.6235
18.6413
18.6584
18.6737
18.6847
18.696
18.7044
18.7094
18.7169
18.7265
18.7358
18.7429
18.7506
18.7582
18.7661
18.7751
18.7837
18.7901
18.7935
18.7992
18.8081
18.8117
18.8115
18.8136
18.8149
18.8154
18.814
18.8121
18.8105
18.8076
18.8034
18.7986
18.7926
18.7863
18.7817
18.7774
18.7726
18.7664
18.7604
18.7547
18.7487
18.7414
18.7335
18.7243
18.7144
18.7047
18.6927
18.6801
18.6682
18.6565
18.6439
18.6304
18.617
18.6042
18.5914
18.577
18.561
18.5448
18.5287
18.5106
18.4918
18.4736
18.4546
18.4341
18.4129
18.3901
18.3659
18.3406
18.3141
18.287
18.2581
18.2248
18.1889
18.1505
18.1065
18.0578
18.0052
17.9441
17.873
17.7914
17.6959
17.5892
17.4695
6.51143
6.58312
7.21949
7.07863
7.11454
7.28194
7.13222
6.64047
5.97679
5.23084
4.42644
3.55938
2.60897
1.57969
0.483258
-0.655225
-1.79755
-2.90137
-3.91764
-4.80406
-5.51548
-6.01112
-6.26799
-6.28348
-6.04019
-5.56193
-4.87855
-4.04084
-3.10862
-2.13995
-1.18313
-0.271866
0.573549
1.34508
2.0459
2.68189
3.26074
3.79783
4.29416
4.76724
5.22197
5.66406
6.09806
6.52712
6.95369
7.3782
7.80109
8.22278
8.64252
9.05972
9.47448
9.88618
10.2953
10.6973
11.0911
11.4782
11.8581
12.2299
12.5932
12.9467
13.2893
13.6214
13.9426
14.2538
14.5533
14.8397
15.1115
15.3695
15.6159
15.8508
16.0732
16.2835
16.4815
16.6674
16.8415
17.0037
17.1553
17.2965
17.428
17.5491
17.6614
17.7657
17.8614
17.9491
18.0305
18.1054
18.1745
18.2382
18.2947
18.3451
18.3915
18.4333
18.4692
18.5014
18.531
18.5564
18.5784
18.5993
18.6169
18.6323
18.6462
18.6564
18.6665
18.6736
18.6771
18.6833
18.692
18.702
18.7104
18.7186
18.7276
18.7375
18.748
18.7583
18.766
18.77
18.777
18.7887
18.7944
18.7955
18.7983
18.8008
18.8027
18.8024
18.7999
18.7972
18.7935
18.7893
18.7846
18.7789
18.7743
18.7722
18.7691
18.7642
18.7585
18.7528
18.7479
18.7423
18.7349
18.7276
18.7189
18.7092
18.7001
18.6883
18.6755
18.6638
18.6527
18.6399
18.6263
18.6132
18.6014
18.5892
18.5751
18.5588
18.5426
18.5271
18.5085
18.4896
18.472
18.453
18.4322
18.4115
18.3887
18.3643
18.3389
18.312
18.2848
18.2562
18.2217
18.1856
18.1473
18.1015
18.0521
17.9991
17.9373
17.8653
17.7827
17.6844
17.5774
17.4579
5.00149
6.80744
7.51635
7.15821
7.37425
7.74181
7.66192
7.13384
6.42081
5.64091
4.8227
3.94961
3.00495
1.97932
0.882954
-0.254859
-1.39326
-2.49212
-3.50028
-4.36884
-5.05576
-5.52295
-5.75054
-5.72345
-5.45979
-4.96016
-4.26876
-3.43948
-2.53033
-1.59724
-0.685216
0.175147
0.967045
1.68445
2.33213
2.91739
3.45067
3.93869
4.40306
4.84302
5.26936
5.68805
6.10308
6.51714
6.93207
7.3479
7.76449
8.18199
8.59924
9.01541
9.42993
9.84382
10.2535
10.6579
11.055
11.4454
11.8292
12.2051
12.5727
12.9307
13.2778
13.6141
13.9397
14.2544
14.5586
14.8486
15.1235
15.3844
15.6332
15.8702
16.0944
16.3059
16.5048
16.691
16.865
17.0273
17.1778
17.3179
17.448
17.5676
17.6784
17.7808
17.8744
17.9603
18.0394
18.1118
18.1786
18.2394
18.2931
18.3411
18.3845
18.4232
18.4569
18.4866
18.5133
18.537
18.5565
18.5751
18.5917
18.6054
18.6176
18.6266
18.6351
18.6407
18.6439
18.6494
18.6571
18.6669
18.6771
18.6866
18.697
18.709
18.7213
18.7333
18.7419
18.7469
18.7552
18.7683
18.7763
18.7798
18.7837
18.787
18.7903
18.7912
18.788
18.7827
18.7778
18.7738
18.7689
18.7644
18.7626
18.7638
18.7623
18.757
18.7514
18.7452
18.7411
18.7357
18.728
18.7221
18.713
18.7038
18.6959
18.6836
18.6707
18.6595
18.649
18.636
18.6225
18.6097
18.599
18.587
18.5733
18.5562
18.5401
18.5259
18.5061
18.4871
18.4707
18.4515
18.4302
18.4101
18.3874
18.363
18.3375
18.3099
18.2829
18.2549
18.2187
18.183
18.1449
18.0975
18.0479
17.9939
17.931
17.8595
17.7768
17.6749
17.5679
17.4502
3.63031
7.74321
7.74163
7.10597
7.53138
8.09165
8.06586
7.51701
6.74784
5.935
5.10131
4.22562
3.29397
2.28585
1.2086
0.0874834
-1.02832
-2.10508
-3.09416
-3.94086
-4.59999
-5.03721
-5.23352
-5.18777
-4.89003
-4.37939
-3.69085
-2.87724
-1.99708
-1.10267
-0.235743
0.575785
1.31752
1.98519
2.58395
3.12246
3.61153
4.06633
4.4892
4.89965
5.3016
5.70023
6.09901
6.5005
6.90598
7.31502
7.72681
8.14139
8.55722
8.97327
9.38918
9.80355
10.2175
10.625
11.0255
11.4198
11.8078
12.1884
12.5606
12.9231
13.2748
13.6158
13.9457
14.2652
14.5729
14.8667
15.1446
15.4085
15.6597
15.8988
16.1245
16.3372
16.5368
16.7232
16.8972
17.0583
17.2083
17.3472
17.4755
17.5934
17.7022
17.8022
17.8934
17.9768
18.0533
18.1229
18.1864
18.2437
18.2945
18.34
18.38
18.415
18.4461
18.4733
18.4975
18.5191
18.5361
18.5516
18.5663
18.5782
18.5887
18.5961
18.6025
18.6071
18.6113
18.6166
18.623
18.6326
18.6446
18.6561
18.6679
18.6809
18.6956
18.7097
18.719
18.7255
18.7351
18.748
18.7583
18.7648
18.77
18.774
18.7782
18.7799
18.7762
18.7684
18.7623
18.7585
18.753
18.7501
18.7522
18.7569
18.7568
18.7514
18.7456
18.7386
18.7345
18.7285
18.7208
18.7169
18.7065
18.698
18.6918
18.679
18.6659
18.6555
18.6453
18.6325
18.62
18.6073
18.5967
18.5848
18.5716
18.5533
18.5377
18.5249
18.5034
18.4845
18.4692
18.45
18.4288
18.4087
18.3862
18.362
18.3361
18.3077
18.2811
18.2536
18.2164
18.1809
18.142
18.0943
18.0453
17.9898
17.9253
17.8551
17.772
17.6681
17.5606
17.444
10.0248
8.97374
7.55105
7.18914
7.74723
8.33919
8.32706
7.76432
6.95841
6.11201
5.2594
4.38789
3.47391
2.49677
1.46188
0.381197
-0.696196
-1.73372
-2.68592
-3.4999
-4.12703
-4.53351
-4.70464
-4.62616
-4.32614
-3.81458
-3.14023
-2.35102
-1.50645
-0.654505
0.166008
0.930087
1.6247
2.24648
2.80099
3.29742
3.74957
4.16397
4.56334
4.94733
5.32756
5.70878
6.09356
6.48399
6.88128
7.28455
7.69243
8.10465
8.5195
8.93581
9.35271
9.77074
10.1856
10.5967
11.0008
11.3993
11.7915
12.1767
12.5537
12.921
13.2772
13.6229
13.9574
14.2807
14.5932
14.8905
15.1715
15.4382
15.692
15.9329
16.1599
16.3736
16.5737
16.7602
16.9337
17.0941
17.2425
17.3802
17.5065
17.6223
17.7288
17.8263
17.9147
17.9953
18.0691
18.1352
18.1948
18.2485
18.2967
18.3391
18.3749
18.406
18.434
18.4585
18.4804
18.4996
18.5141
18.5263
18.5383
18.5483
18.5568
18.5624
18.5664
18.5707
18.5768
18.5821
18.5875
18.597
18.6107
18.6247
18.6378
18.6515
18.6685
18.6846
18.695
18.7039
18.7146
18.7267
18.739
18.7489
18.7553
18.7597
18.764
18.7658
18.7621
18.754
18.7471
18.7426
18.7365
18.7359
18.7427
18.7498
18.7501
18.7446
18.7394
18.7327
18.7276
18.7199
18.7124
18.7093
18.6988
18.6909
18.6856
18.6735
18.6609
18.6512
18.6411
18.629
18.618
18.6052
18.5933
18.5814
18.5685
18.55
18.5352
18.5222
18.5
18.4818
18.4669
18.4481
18.4277
18.4067
18.3843
18.3607
18.3339
18.3053
18.2796
18.2516
18.2146
18.178
18.1377
18.0914
18.0431
17.9866
17.9214
17.8514
17.7669
17.6646
17.5559
17.437
9.89863
7.94279
7.27821
7.56633
8.13988
8.56898
8.48677
7.90595
7.07549
6.19688
5.32257
4.45986
3.56867
2.64148
1.67448
0.667062
-0.346345
-1.3235
-2.21939
-2.98468
-3.57518
-3.95182
-4.09789
-4.01698
-3.70819
-3.2108
-2.56622
-1.81714
-1.0199
-0.219382
0.549549
1.26307
1.91054
2.48778
3.00142
3.4596
3.87489
4.26494
4.63032
4.99108
5.35164
5.71693
6.08907
6.46941
6.85894
7.25646
7.66068
8.07083
8.48458
8.90116
9.32002
9.73838
10.1581
10.5721
10.9798
11.3824
11.7787
12.1681
12.5498
12.9216
13.2821
13.6325
13.9712
14.2994
14.6151
14.9157
15.1996
15.4692
15.7252
15.9679
16.1962
16.411
16.6113
16.7975
16.9707
17.1294
17.2772
17.4136
17.5377
17.6509
17.7549
17.8503
17.9357
18.013
18.0835
18.1459
18.2014
18.2519
18.2973
18.3361
18.3673
18.3948
18.4201
18.4415
18.4604
18.477
18.4894
18.4989
18.5073
18.5153
18.5216
18.5261
18.5282
18.5327
18.5405
18.5457
18.5507
18.5607
18.5757
18.5921
18.6063
18.6218
18.641
18.6585
18.6705
18.6825
18.6946
18.7057
18.7193
18.7323
18.7394
18.7435
18.7472
18.7487
18.7465
18.7406
18.7339
18.7281
18.7227
18.7243
18.7339
18.741
18.7403
18.7356
18.7318
18.7266
18.7201
18.7112
18.7032
18.6985
18.6897
18.6828
18.6771
18.6665
18.6553
18.6467
18.6377
18.6262
18.6153
18.6028
18.59
18.5773
18.5638
18.5463
18.5319
18.518
18.4974
18.4802
18.4651
18.4467
18.4263
18.4041
18.3818
18.3585
18.331
18.3032
18.2779
18.2482
18.2118
18.1745
18.1342
18.0894
18.0408
17.9841
17.9188
17.8477
17.7636
17.6645
17.5542
17.4321
9.28626
8.08348
7.83546
8.10038
8.45797
8.67543
8.51779
7.93501
7.12043
6.22763
5.34016
4.48346
3.6311
2.77444
1.90193
0.997571
0.0805728
-0.810124
-1.6299
-2.33301
-2.88091
-3.23218
-3.36831
-3.27833
-3.0001
-2.53808
-1.942
-1.253
-0.518379
0.218234
0.927983
1.58626
2.1844
2.71743
3.19181
3.61506
4.00084
4.35639
4.70339
5.04295
5.38504
5.73468
6.09429
6.46474
6.84625
7.23722
7.63698
8.04462
8.45659
8.87274
9.29219
9.71415
10.1342
10.5506
10.9617
11.3683
11.7682
12.1614
12.5474
12.9235
13.2883
13.643
13.986
14.3175
14.6376
14.941
15.228
15.5002
15.7581
16.0024
16.2323
16.4478
16.6485
16.8345
17.0067
17.1647
17.3111
17.4459
17.5677
17.6786
17.7804
17.873
17.9552
18.0291
18.096
18.1544
18.2056
18.2531
18.2957
18.3306
18.357
18.381
18.404
18.4214
18.4357
18.4496
18.4606
18.4677
18.4729
18.4782
18.4827
18.487
18.4884
18.4935
18.5026
18.5071
18.5118
18.5235
18.5403
18.558
18.5735
18.5917
18.6136
18.632
18.6453
18.6609
18.6751
18.685
18.6997
18.7153
18.7225
18.7256
18.7284
18.7304
18.7305
18.7275
18.7219
18.7163
18.7132
18.7159
18.7247
18.7293
18.7276
18.7247
18.7229
18.7196
18.7121
18.7025
18.6943
18.687
18.6795
18.6735
18.6672
18.659
18.6503
18.6428
18.6347
18.6235
18.6123
18.5999
18.5863
18.5726
18.5586
18.5427
18.5284
18.5144
18.4965
18.4796
18.4639
18.4454
18.4245
18.4019
18.3791
18.3554
18.3285
18.3017
18.2753
18.2447
18.2093
18.1721
18.1322
18.088
18.0389
17.9829
17.9185
17.8467
17.7637
17.6663
17.555
17.4325
9.35334
8.66318
8.40399
8.43339
8.53732
8.5367
8.29561
7.75961
7.01907
6.18211
5.33058
4.50698
3.71974
2.95152
2.18345
1.39177
0.586527
-0.203112
-0.935812
-1.57164
-2.07263
-2.40094
-2.53057
-2.47029
-2.21834
-1.81102
-1.2804
-0.666257
-0.0059717
0.657767
1.30175
1.90192
2.45005
2.94015
3.37721
3.76875
4.12516
4.46386
4.7833
5.10441
5.43001
5.76498
6.11186
6.47225
6.84511
7.22906
7.62352
8.02751
8.4371
8.85178
9.27202
9.69297
10.1168
10.5352
10.9489
11.3584
11.7613
12.158
12.5478
12.9277
13.2963
13.6547
14.0017
14.3376
14.6599
14.9657
15.2556
15.53
15.7897
16.0356
16.2672
16.4831
16.6841
16.8703
17.0416
17.1983
17.3435
17.4762
17.5959
17.7054
17.8046
17.8934
17.9722
18.0427
18.1056
18.16
18.2069
18.2515
18.2917
18.3217
18.3439
18.3645
18.3846
18.3971
18.4062
18.4172
18.4266
18.4316
18.4349
18.4376
18.4413
18.4468
18.4485
18.4538
18.4634
18.467
18.4719
18.4857
18.5048
18.5237
18.5412
18.5625
18.587
18.6058
18.6202
18.6393
18.6559
18.6653
18.6813
18.6986
18.7056
18.7076
18.7099
18.7129
18.7152
18.7145
18.7102
18.706
18.7057
18.7097
18.7158
18.7165
18.7139
18.7131
18.7128
18.7112
18.7037
18.6942
18.6856
18.6762
18.6692
18.6636
18.6573
18.6517
18.6461
18.6402
18.632
18.6211
18.6099
18.5965
18.582
18.5679
18.554
18.5393
18.5251
18.5118
18.4965
18.4799
18.4633
18.4443
18.423
18.4003
18.3769
18.3527
18.3269
18.3005
18.273
18.2422
18.2078
18.1709
18.1313
18.0874
18.0385
17.9836
17.9205
17.8491
17.7669
17.6709
17.56
17.4387
9.28988
8.80525
8.55106
8.46604
8.40067
8.23592
7.92885
7.44176
6.8
6.06489
5.30131
4.55519
3.84863
3.17589
2.5094
1.8274
1.13375
0.447377
-0.197591
-0.766435
-1.21981
-1.52475
-1.663
-1.61818
-1.41817
-1.07267
-0.614663
-0.0811073
0.499251
1.08735
1.66267
2.20332
2.70207
3.15165
3.5546
3.91806
4.25423
4.56631
4.87315
5.17806
5.48886
5.81028
6.14512
6.49497
6.8587
7.2351
7.62367
8.02251
8.42898
8.84151
9.25978
9.68334
10.1052
10.5253
10.9411
11.3525
11.7579
12.1575
12.5502
12.9335
13.3052
13.6669
14.0176
14.3556
14.6817
14.9898
15.2818
15.5581
15.8195
16.0668
16.2995
16.516
16.7173
16.9035
17.074
17.2301
17.3736
17.5034
17.6213
17.7294
17.8257
17.9107
17.9857
18.0528
18.1116
18.1625
18.2053
18.2465
18.2825
18.3067
18.3249
18.3426
18.359
18.3669
18.371
18.3786
18.3855
18.3888
18.3912
18.3927
18.3969
18.4043
18.4071
18.4121
18.4206
18.4253
18.4321
18.447
18.4678
18.4892
18.5103
18.5345
18.5593
18.5785
18.5962
18.618
18.6354
18.6459
18.6628
18.6801
18.6876
18.69
18.6924
18.697
18.7007
18.7014
18.6986
18.6957
18.6977
18.703
18.7062
18.7037
18.7015
18.7018
18.7015
18.7007
18.6944
18.6855
18.6761
18.6658
18.6595
18.6542
18.6484
18.6449
18.6421
18.6376
18.6292
18.6188
18.6078
18.5931
18.5776
18.5638
18.5507
18.5366
18.522
18.5087
18.4951
18.4796
18.4627
18.4435
18.4221
18.3992
18.3752
18.3508
18.3255
18.2993
18.2716
18.2409
18.2071
18.1708
18.1318
18.0885
18.0405
17.9864
17.9247
17.8546
17.7737
17.6796
17.5701
17.4503
9.11103
8.73281
8.49116
8.35564
8.19539
7.94911
7.60386
7.15314
6.59033
5.95468
5.29492
4.64218
4.01271
3.41668
2.83481
2.24666
1.65117
1.05803
0.495896
-0.00546465
-0.410809
-0.688388
-0.821519
-0.813821
-0.64923
-0.364033
0.0229712
0.479394
0.981562
1.49623
2.00412
2.48749
2.938
3.34977
3.72312
4.06381
4.37761
4.6809
4.9687
5.26137
5.56038
5.86994
6.19395
6.53334
6.88805
7.25637
7.63823
8.03092
8.43289
8.84215
9.2591
9.67892
10.1022
10.5225
10.9386
11.3517
11.759
12.1603
12.5548
12.9407
13.3152
13.6795
14.032
14.3736
14.7008
15.0115
15.305
15.583
15.846
16.0944
16.328
16.5453
16.7463
16.9321
17.1026
17.2579
17.3999
17.5271
17.6428
17.748
17.8413
17.9233
17.9943
18.057
18.1125
18.1597
18.1991
18.2361
18.2658
18.2841
18.2988
18.3136
18.3258
18.33
18.3305
18.3349
18.3379
18.3394
18.3425
18.3448
18.3495
18.3588
18.3631
18.3672
18.3753
18.3847
18.3948
18.4091
18.4305
18.4548
18.4811
18.5082
18.5313
18.5519
18.5748
18.5983
18.6145
18.6268
18.6444
18.66
18.6686
18.6733
18.6771
18.6825
18.6869
18.6889
18.6876
18.6851
18.689
18.6955
18.6949
18.6908
18.6909
18.6917
18.6905
18.6892
18.6846
18.6767
18.6661
18.6562
18.6511
18.6463
18.6413
18.6392
18.6381
18.6345
18.6261
18.6164
18.6054
18.5896
18.5738
18.5609
18.5487
18.535
18.5202
18.5064
18.4929
18.4777
18.4608
18.442
18.4212
18.3986
18.3743
18.3497
18.3245
18.2983
18.2707
18.2404
18.2073
18.172
18.1338
18.0916
18.0445
17.9916
17.9316
17.8634
17.7843
17.6925
17.5853
17.4669
8.91897
8.59918
8.36791
8.20453
8.00775
7.72627
7.37176
6.9413
6.44135
5.8843
5.31059
4.74265
4.18236
3.64727
3.13004
2.61695
2.09919
1.58704
1.09673
0.663001
0.307867
0.0607403
-0.0692024
-0.0675424
0.057573
0.291849
0.614982
1.00228
1.43235
1.87916
2.32573
2.75667
3.16086
3.53726
3.88409
4.20609
4.50801
4.78938
5.07146
5.35457
5.6442
5.94464
6.25927
6.58903
6.935
7.2952
7.66926
8.0549
8.45096
8.85566
9.26753
9.68919
10.1081
10.5271
10.9423
11.3556
11.7642
12.1662
12.5607
12.9472
13.3249
13.6913
14.0455
14.387
14.7165
15.0289
15.3237
15.6029
15.8674
16.1167
16.3512
16.5698
16.7702
16.9544
17.1244
17.2795
17.4201
17.5455
17.6589
17.7598
17.849
17.9282
17.9955
18.0537
18.1056
18.1499
18.1853
18.2162
18.2386
18.2521
18.2645
18.2761
18.2829
18.2839
18.2834
18.2853
18.2835
18.2834
18.289
18.2932
18.2982
18.3081
18.3147
18.3197
18.3297
18.3446
18.3584
18.3727
18.3941
18.421
18.4524
18.4816
18.5037
18.527
18.5543
18.5783
18.5937
18.6076
18.6255
18.6405
18.65
18.6567
18.6619
18.6673
18.6723
18.6761
18.6763
18.6738
18.6793
18.6863
18.6818
18.6773
18.6797
18.6814
18.6803
18.6784
18.6748
18.6679
18.6571
18.6484
18.6444
18.6401
18.6357
18.6344
18.6342
18.6305
18.6225
18.6133
18.6018
18.5863
18.5717
18.5597
18.5478
18.5345
18.5199
18.5058
18.4915
18.4751
18.4577
18.4392
18.4195
18.3979
18.374
18.3495
18.3244
18.2982
18.2708
18.241
18.2087
18.1744
18.1372
18.0966
18.0512
17.9998
17.9419
17.8758
17.7992
17.7105
17.6059
17.4886
8.71352
8.43167
8.20731
8.04506
7.83736
7.55648
7.20104
6.79306
6.33839
5.8366
5.33473
4.83399
4.33871
3.85461
3.39844
2.94383
2.49616
2.05016
1.62862
1.25624
0.947853
0.728757
0.617405
0.600272
0.702457
0.896329
1.16163
1.48752
1.85205
2.23721
2.62931
3.01326
3.3768
3.72127
4.04441
4.35041
4.63546
4.91336
5.18357
5.45981
5.74206
6.03528
6.34303
6.66378
7.00136
7.35386
7.71874
8.09665
8.48569
8.88347
9.29156
9.70637
10.1241
10.5404
10.9542
11.3651
11.7727
12.1747
12.5686
12.9545
13.3339
13.7015
14.055
14.3984
14.7273
15.0398
15.3358
15.6155
15.8817
16.1323
16.3671
16.5863
16.786
16.9678
17.1368
17.2919
17.4305
17.5538
17.6646
17.762
17.8474
17.9234
17.9872
18.0409
18.0893
18.1284
18.1608
18.1838
18.1993
18.2109
18.2214
18.2287
18.2302
18.2292
18.2287
18.2283
18.2246
18.2247
18.2316
18.238
18.2441
18.2534
18.2638
18.2729
18.2859
18.3045
18.3219
18.3378
18.3607
18.3906
18.4247
18.4547
18.4768
18.5027
18.5331
18.5573
18.5732
18.5882
18.6068
18.623
18.6332
18.6399
18.646
18.652
18.658
18.6631
18.6646
18.6632
18.6689
18.6744
18.6688
18.6651
18.6677
18.67
18.6701
18.6683
18.6652
18.6593
18.6496
18.6425
18.6391
18.6354
18.6317
18.6304
18.6301
18.6266
18.6192
18.6094
18.5976
18.5842
18.5716
18.56
18.5478
18.5345
18.52
18.506
18.491
18.4731
18.455
18.4368
18.418
18.3972
18.3741
18.3502
18.3254
18.2994
18.2722
18.243
18.2118
18.1786
18.1426
18.1037
18.0603
18.0107
17.9552
17.892
17.8187
17.7331
17.6318
17.5155
8.50407
8.24619
8.03991
7.89051
7.69386
7.41589
7.07069
6.6861
6.26524
5.8184
5.36835
4.93124
4.48811
4.06377
3.65554
3.25802
2.86259
2.48302
2.12071
1.79804
1.5346
1.34199
1.23528
1.22065
1.29803
1.45734
1.67701
1.94751
2.25713
2.5841
2.92693
3.26928
3.59658
3.91233
4.21425
4.50391
4.78219
5.04525
5.3141
5.5836
5.85829
6.14421
6.44616
6.75871
7.08803
7.43276
7.78814
8.15798
8.53989
8.92947
9.32826
9.74045
10.1508
10.5627
10.9742
11.3811
11.7849
12.1844
12.5771
12.9621
13.3399
13.7068
14.0607
14.4023
14.7312
15.0425
15.339
15.6193
15.8857
16.1369
16.3715
16.5909
16.7905
16.9707
17.1379
17.291
17.4277
17.5489
17.6567
17.7523
17.8345
17.907
17.9672
18.0155
18.0581
18.0938
18.1215
18.1368
18.1474
18.1596
18.1669
18.1691
18.1672
18.1661
18.1656
18.1633
18.1612
18.1642
18.1716
18.1805
18.1879
18.1971
18.2116
18.2265
18.2441
18.2654
18.2856
18.3047
18.3302
18.3625
18.3964
18.4264
18.4505
18.4782
18.5092
18.5337
18.552
18.569
18.5886
18.6056
18.6162
18.6228
18.6298
18.6373
18.6444
18.6496
18.6523
18.6538
18.6577
18.6602
18.6569
18.6549
18.6562
18.6585
18.66
18.6585
18.6554
18.651
18.6434
18.6374
18.6347
18.6322
18.6296
18.6277
18.6263
18.6234
18.6165
18.606
18.5946
18.5835
18.5726
18.5612
18.5485
18.5348
18.5206
18.5064
18.4907
18.4719
18.4535
18.4359
18.4177
18.3977
18.3755
18.3521
18.3276
18.302
18.2754
18.247
18.217
18.185
18.1504
18.1131
18.0714
18.0241
17.9719
17.9125
17.8433
17.7613
17.6636
17.5482
8.30822
8.07262
7.88374
7.74462
7.56508
7.30078
6.96911
6.60078
6.21915
5.82149
5.42348
5.03613
4.64915
4.27993
3.91852
3.56613
3.21669
2.89597
2.58594
2.31011
2.08019
1.91007
1.81609
1.79956
1.85539
1.98788
2.16721
2.39715
2.65667
2.93688
3.23232
3.53246
3.82952
4.11803
4.40066
4.67689
4.9392
5.20145
5.4623
5.72564
5.9941
6.27343
6.5675
6.87379
7.19596
7.5305
7.87666
8.23752
8.61104
8.9926
9.38411
9.78388
10.1909
10.5946
11.0001
11.4016
11.7996
12.1946
12.5836
12.9663
13.3409
13.7049
14.0576
14.399
14.7246
15.0331
15.3288
15.6106
15.8764
16.1269
16.36
16.5795
16.7795
16.9585
17.1235
17.2737
17.4086
17.5281
17.6326
17.726
17.8057
17.8744
17.9306
17.9727
18.0086
18.0404
18.0661
18.0762
18.0839
18.095
18.0995
18.0986
18.0945
18.0945
18.0959
18.0934
18.0946
18.101
18.1093
18.1217
18.1321
18.1435
18.1608
18.1812
18.2044
18.2282
18.2496
18.273
18.3007
18.3341
18.3683
18.3986
18.4251
18.4533
18.483
18.509
18.5303
18.5496
18.5702
18.5878
18.5986
18.606
18.6141
18.6231
18.6316
18.6363
18.6399
18.6444
18.6464
18.6465
18.6461
18.6461
18.6467
18.6481
18.6505
18.6498
18.6468
18.6438
18.6383
18.633
18.6313
18.6309
18.6292
18.6263
18.6246
18.6217
18.6142
18.6042
18.5943
18.5843
18.5736
18.5627
18.5501
18.5365
18.5223
18.5072
18.4906
18.4722
18.4543
18.4371
18.4194
18.4
18.3787
18.3558
18.3314
18.3063
18.2799
18.2523
18.2235
18.1926
18.1595
18.124
18.0843
18.0402
17.9919
17.9372
17.8728
17.7949
17.7019
17.5873
8.14019
7.91468
7.73324
7.59348
7.43813
7.20451
6.89351
6.54044
6.19302
5.84473
5.49891
5.16172
4.82644
4.4982
4.18475
3.86502
3.56061
3.28394
3.03257
2.79295
2.59666
2.45077
2.36112
2.34264
2.38647
2.48443
2.63418
2.8269
3.05157
3.2902
3.54136
3.80874
4.0739
4.33767
4.60061
4.8614
5.11969
5.36919
5.62573
5.88274
6.14521
6.41814
6.70322
7.00361
7.31917
7.64278
7.97984
8.33107
8.69402
9.06677
9.44612
9.84294
10.241
10.6314
11.0258
11.4205
11.8138
12.2039
12.5884
12.9667
13.3364
13.696
14.0473
14.3821
14.7056
15.0115
15.3055
15.585
15.8507
16.1004
16.3332
16.5499
16.7469
16.9248
17.0891
17.2354
17.3685
17.4866
17.5868
17.6779
17.7571
17.822
17.873
17.9111
17.94
17.9703
17.9939
18.0021
18.0085
18.016
18.0197
18.0187
18.0143
18.0148
18.0191
18.0207
18.0262
18.0338
18.0446
18.0624
18.0777
18.0929
18.1136
18.1381
18.1659
18.1911
18.2136
18.2409
18.2705
18.3045
18.3403
18.3716
18.3997
18.4269
18.4558
18.484
18.5077
18.5284
18.5502
18.5687
18.5806
18.5898
18.5989
18.6086
18.6177
18.6227
18.6274
18.6338
18.6352
18.6348
18.6361
18.6383
18.6391
18.6391
18.6413
18.6421
18.6408
18.6387
18.6336
18.6295
18.6293
18.6305
18.6292
18.6256
18.6249
18.622
18.6129
18.6042
18.5964
18.5861
18.5749
18.5641
18.5522
18.5393
18.525
18.5091
18.4921
18.4745
18.4574
18.4405
18.4229
18.404
18.3831
18.3603
18.3363
18.3115
18.2853
18.2586
18.231
18.2013
18.1696
18.1361
18.0995
18.0592
18.0151
17.9655
17.9069
17.8343
17.7476
17.6336
8.01493
7.8013
7.61149
7.46826
7.3263
7.11967
6.83123
6.50907
6.18981
5.88261
5.57513
5.28512
4.99134
4.70106
4.42471
4.1422
3.87156
3.63103
3.41895
3.21149
3.04956
2.92118
2.83741
2.81666
2.85553
2.92995
3.04864
3.20824
3.40824
3.6205
3.84371
4.07649
4.3159
4.56016
4.80587
5.0522
5.29738
5.54312
5.79264
6.04354
6.29952
6.56858
6.84481
7.13637
7.4411
7.76172
8.09136
8.43636
8.78647
9.1523
9.52287
9.90754
10.2953
10.6742
11.0541
11.4416
11.8302
12.216
12.5946
12.9683
13.3329
13.6885
14.0324
14.3645
14.6772
14.9858
15.2716
15.5502
15.8093
16.062
16.2968
16.507
16.696
16.8738
17.0368
17.1805
17.3111
17.4253
17.5222
17.6107
17.692
17.7541
17.8009
17.8362
17.8628
17.8873
17.9097
17.9182
17.9242
17.9293
17.9329
17.9337
17.9332
17.9354
17.9414
17.9506
17.9602
17.9695
17.9849
18.0071
18.026
18.0466
18.0721
18.0996
18.1308
18.1565
18.1804
18.2104
18.2425
18.2777
18.314
18.345
18.3739
18.4022
18.4326
18.4615
18.4849
18.5066
18.5299
18.5504
18.564
18.5748
18.5847
18.5947
18.6035
18.6099
18.6164
18.6226
18.6247
18.626
18.6282
18.6325
18.6341
18.6327
18.6346
18.6369
18.6381
18.6361
18.63
18.6273
18.6298
18.6321
18.6308
18.6272
18.6266
18.6229
18.613
18.6054
18.5989
18.5886
18.5774
18.5669
18.5553
18.5431
18.5291
18.5129
18.4958
18.4788
18.4623
18.4453
18.4274
18.4085
18.3878
18.3652
18.3417
18.3172
18.2915
18.2657
18.2392
18.211
18.181
18.1496
18.1163
18.0799
18.0407
17.9965
17.9444
17.8783
17.7999
17.6868
7.91139
7.69717
7.49927
7.3702
7.24058
7.04314
6.77069
6.49088
6.20325
5.9324
5.65913
5.40493
5.14436
4.89387
4.65122
4.41904
4.17488
3.96762
3.77807
3.60895
3.46689
3.36383
3.27784
3.2589
3.28956
3.35865
3.44759
3.58397
3.75836
3.95741
4.15129
4.35814
4.57446
4.79931
5.03152
5.26528
5.49629
5.72945
5.97409
6.21989
6.47517
6.73978
7.00696
7.28069
7.5826
7.8967
8.22317
8.55492
8.89946
9.25052
9.61402
9.97991
10.355
10.7239
11.0949
11.47
11.8543
12.2289
12.5986
12.9611
13.3237
13.6703
14.0118
14.3318
14.6439
14.9399
15.2303
15.4955
15.7534
15.9999
16.2352
16.4382
16.623
16.7989
16.9593
17.1011
17.2297
17.3428
17.4338
17.5219
17.6015
17.6653
17.7076
17.7433
17.7689
17.7936
17.8134
17.8226
17.8299
17.8357
17.842
17.8463
17.8516
17.8582
17.8685
17.8835
17.8961
17.9095
17.9313
17.9547
17.9781
18.0045
18.0338
18.0646
18.0986
18.1248
18.1501
18.1818
18.217
18.2537
18.288
18.3175
18.3479
18.3794
18.4118
18.4401
18.4634
18.4859
18.5099
18.5324
18.5473
18.5591
18.5705
18.5816
18.591
18.5995
18.6073
18.6123
18.6153
18.6194
18.6232
18.6288
18.6307
18.629
18.6311
18.6349
18.6378
18.6355
18.6289
18.6279
18.6324
18.6349
18.6339
18.6305
18.6288
18.6242
18.6142
18.6074
18.6014
18.5915
18.5811
18.5712
18.5597
18.5478
18.5343
18.5182
18.501
18.4842
18.4683
18.4514
18.433
18.4137
18.3932
18.3707
18.3474
18.3235
18.2985
18.2738
18.2484
18.2217
18.1934
18.1646
18.1347
18.1024
18.0686
18.0303
17.985
17.9268
17.8585
17.7471
7.82188
7.5667
7.38332
7.29628
7.19773
6.99003
6.73343
6.46996
6.22977
5.9911
5.77443
5.55196
5.34073
5.11849
4.92014
4.71334
4.52111
4.33574
4.1822
4.03309
3.91845
3.82564
3.76213
3.73057
3.75502
3.80572
3.89003
4.00723
4.16323
4.3323
4.5074
4.68832
4.88399
5.0873
5.3062
5.52883
5.74431
5.96519
6.19965
6.44519
6.69461
6.95627
7.21222
7.47956
7.76891
8.07485
8.37967
8.70222
9.03038
9.37408
9.72279
10.074
10.4295
10.7925
11.1511
11.5155
11.8818
12.245
12.5944
12.9472
13.2971
13.6357
13.961
14.2822
14.5802
14.8722
15.1508
15.4137
15.6566
15.8972
16.123
16.3233
16.5062
16.6791
16.8372
16.979
17.1062
17.2156
17.3065
17.3917
17.4728
17.5354
17.5809
17.6177
17.6491
17.6757
17.6958
17.7106
17.7223
17.7338
17.745
17.7567
17.7633
17.7772
17.7958
17.8167
17.8327
17.8522
17.8783
17.9058
17.9335
17.9642
17.9958
18.0311
18.067
18.0933
18.1204
18.155
18.1937
18.2315
18.2622
18.2892
18.3212
18.3561
18.3892
18.4175
18.4431
18.4665
18.4898
18.5133
18.5293
18.5419
18.5556
18.569
18.5804
18.5904
18.5986
18.6041
18.6077
18.6137
18.6209
18.6266
18.6275
18.6278
18.6314
18.6359
18.639
18.6365
18.6312
18.6314
18.6356
18.6372
18.636
18.6336
18.6312
18.6258
18.6165
18.6103
18.6046
18.5955
18.5855
18.576
18.5649
18.5529
18.5397
18.524
18.5069
18.4904
18.4747
18.4581
18.4395
18.4198
18.3993
18.3767
18.3539
18.3308
18.3067
18.283
18.2584
18.2326
18.2061
18.1806
18.1546
18.1264
18.0982
18.067
18.028
17.9786
17.9219
17.8138
7.73909
7.5099
7.34249
7.27956
7.16725
6.96206
6.71325
6.48378
6.27742
6.08331
5.89403
5.72006
5.54937
5.38262
5.22315
5.0641
4.898
4.74542
4.61206
4.49637
4.39508
4.31599
4.26318
4.24405
4.26005
4.30349
4.37651
4.47808
4.60656
4.75206
4.90961
5.07569
5.25235
5.43709
5.63624
5.84322
6.05033
6.26455
6.49169
6.7277
6.96689
7.21626
7.47465
7.73543
8.00525
8.29012
8.58429
8.89304
9.21152
9.53743
9.8664
10.2032
10.543
10.8886
11.2302
11.5755
11.9193
12.2645
12.5983
12.9357
13.2672
13.5909
13.8979
14.2011
14.4885
14.7702
15.0362
15.2893
15.5229
15.7504
15.9696
16.1636
16.3436
16.5084
16.6678
16.8097
16.932
17.0408
17.1363
17.2245
17.3044
17.3695
17.4216
17.4674
17.5062
17.5387
17.5663
17.5863
17.6063
17.6251
17.6444
17.6628
17.6777
17.6977
17.7253
17.751
17.7763
17.7999
17.8301
17.8623
17.8935
17.9267
17.9619
17.9998
18.035
18.063
18.0944
18.1312
18.1706
18.2081
18.2392
18.2655
18.2976
18.3336
18.3674
18.3956
18.4219
18.4477
18.4716
18.493
18.5106
18.5268
18.5433
18.5584
18.5704
18.5812
18.5897
18.5974
18.6022
18.608
18.6182
18.625
18.6262
18.6296
18.6348
18.6379
18.6394
18.6377
18.6344
18.6352
18.6382
18.6392
18.6379
18.6367
18.6337
18.6276
18.6199
18.6141
18.6078
18.5995
18.5902
18.5806
18.5702
18.5579
18.5444
18.5288
18.5127
18.4968
18.4815
18.4648
18.4467
18.4264
18.405
18.3821
18.3604
18.3384
18.3154
18.2934
18.2699
18.2436
18.2184
18.1969
18.1748
18.1511
18.1285
18.1062
18.074
18.0335
17.9897
17.8856
7.70542
7.5033
7.3146
7.23842
7.13269
6.96388
6.74213
6.53629
6.34283
6.18789
6.03775
5.91421
5.78961
5.68008
5.55455
5.4336
5.29531
5.17495
5.05729
4.96567
4.88174
4.82641
4.78118
4.7706
4.78296
4.82701
4.88618
4.97419
5.0833
5.21795
5.36386
5.51872
5.67417
5.84224
6.02649
6.22212
6.41661
6.61613
6.83257
7.05821
7.29142
7.52801
7.77645
8.02548
8.28639
8.55404
8.83823
9.12806
9.43584
9.74001
10.0545
10.3682
10.6909
11.0055
11.331
11.6494
11.9774
12.2939
12.6136
12.9217
13.2356
13.5332
13.8289
14.1057
14.3799
14.6368
14.8896
15.1271
15.3556
15.5718
15.7759
15.9638
16.1384
16.3033
16.4588
16.5994
16.7211
16.8312
16.9346
17.0269
17.1092
17.1806
17.2417
17.2966
17.3473
17.3914
17.4267
17.4547
17.4827
17.5118
17.5412
17.5702
17.5965
17.6242
17.6573
17.6894
17.7195
17.749
17.7823
17.8171
17.8525
17.8922
17.9313
17.9691
18.0019
18.0362
18.0729
18.1104
18.1461
18.183
18.2166
18.2468
18.2776
18.3134
18.346
18.3745
18.4014
18.4309
18.4551
18.4736
18.4917
18.5114
18.5314
18.5481
18.5604
18.5716
18.5815
18.5909
18.5975
18.6032
18.6136
18.6218
18.626
18.6319
18.6367
18.638
18.6391
18.6393
18.6377
18.6382
18.6399
18.6411
18.6403
18.6397
18.6364
18.6297
18.6237
18.6179
18.6107
18.6027
18.5948
18.5853
18.575
18.5627
18.548
18.5326
18.5172
18.5021
18.4878
18.4714
18.4542
18.4336
18.4104
18.3865
18.365
18.3443
18.3232
18.3034
18.2825
18.255
18.2298
18.2126
18.1932
18.174
18.1564
18.1423
18.1198
18.0877
18.0597
17.9585
7.69213
7.52082
7.34212
7.23913
7.14729
6.99546
6.80985
6.6168
6.46126
6.3316
6.23341
6.14557
6.07127
5.98693
5.90121
5.80266
5.70832
5.61216
5.5276
5.44796
5.38994
5.34359
5.31578
5.30499
5.32418
5.36353
5.42562
5.50601
5.60771
5.72317
5.85393
5.99371
6.14184
6.30098
6.4716
6.64971
6.83287
7.0248
7.22801
7.44141
7.66056
7.88754
8.12132
8.36388
8.61081
8.86893
9.13576
9.41128
9.68997
9.97714
10.267
10.5627
10.8572
11.1558
11.4537
11.7538
12.0505
12.3476
12.6384
12.927
13.209
13.4856
13.7526
14.0126
14.2628
14.5051
14.7349
14.9555
15.1674
15.371
15.5631
15.7444
15.9155
16.0766
16.2261
16.3642
16.4879
16.6016
16.7094
16.8062
16.8935
16.9719
17.0421
17.1071
17.1697
17.2246
17.2706
17.3123
17.3537
17.3924
17.4324
17.473
17.5081
17.5413
17.5799
17.6196
17.656
17.6925
17.7293
17.7659
17.8093
17.8543
17.8954
17.9314
17.9682
18.0066
18.048
18.0865
18.1237
18.1595
18.1954
18.2269
18.2574
18.2924
18.3254
18.3541
18.3832
18.4128
18.4382
18.4577
18.4767
18.4971
18.5176
18.5354
18.5487
18.5612
18.5741
18.5864
18.5945
18.6005
18.6086
18.6163
18.6235
18.6321
18.6363
18.6374
18.6411
18.6436
18.6416
18.6403
18.6406
18.6413
18.6416
18.6424
18.6392
18.6321
18.6269
18.6211
18.6132
18.6055
18.5987
18.5894
18.5791
18.5679
18.552
18.5365
18.5208
18.5057
18.4918
18.4763
18.4605
18.4412
18.417
18.3919
18.3683
18.3476
18.3305
18.3126
18.2938
18.2665
18.2394
18.2271
18.2098
18.1949
18.1829
18.1735
18.1635
18.14
18.1291
18.0323
7.67843
7.51602
7.3502
7.27316
7.20991
7.07627
6.9094
6.7426
6.61898
6.52329
6.46227
6.40942
6.36678
6.3108
6.25395
6.18374
6.11706
6.04647
5.98798
5.9296
5.88688
5.85337
5.84096
5.84231
5.86774
5.9079
5.96915
6.04467
6.1398
6.2477
6.3706
6.50215
6.64116
6.78649
6.94231
7.10892
7.28523
7.46976
7.66031
7.86093
8.07019
8.28915
8.51243
8.74353
8.97795
9.22118
9.46787
9.72471
9.98447
10.2523
10.5205
10.7947
11.0669
11.3441
11.6178
11.8934
12.1627
12.4334
12.6969
12.9596
13.2152
13.4684
13.7118
13.9495
14.1762
14.3977
14.6077
14.8106
15.0041
15.1921
15.3685
15.5379
15.6987
15.8524
15.9947
16.1287
16.2516
16.3671
16.4756
16.5761
16.6691
16.7566
16.835
16.907
16.9758
17.0414
17.1018
17.1578
17.2109
17.2606
17.309
17.3573
17.4022
17.4476
17.4958
17.5445
17.5906
17.633
17.6723
17.7133
17.7605
17.8084
17.8518
17.8923
17.9333
17.9754
18.0186
18.0604
18.1002
18.1364
18.172
18.2056
18.2385
18.2721
18.3061
18.3361
18.3642
18.3919
18.4205
18.4445
18.4669
18.4893
18.5069
18.5205
18.5347
18.5512
18.5667
18.5814
18.5919
18.599
18.6052
18.6111
18.6203
18.6318
18.6365
18.637
18.6428
18.6479
18.6469
18.6442
18.6426
18.6401
18.6409
18.6428
18.6399
18.6352
18.6315
18.6233
18.6138
18.6071
18.6011
18.593
18.5828
18.5731
18.5563
18.5404
18.5253
18.5101
18.4938
18.4774
18.463
18.4464
18.4236
18.3984
18.3727
18.35
18.3367
18.3198
18.3016
18.2777
18.2484
18.2396
18.2239
18.2121
18.2075
18.1995
18.2001
18.188
18.1936
18.1044
7.6836
7.53565
7.40164
7.36551
7.32349
7.19322
7.03264
6.88223
6.78389
6.72328
6.70113
6.68568
6.67599
6.65161
6.62301
6.57644
6.52828
6.47252
6.4256
6.38169
6.35795
6.34729
6.35673
6.37362
6.40579
6.44803
6.5101
6.58533
6.67811
6.78233
6.89977
7.02337
7.1548
7.2929
7.4408
7.59896
7.76655
7.94191
8.12332
8.31491
8.5134
8.72028
8.93183
9.15134
9.3733
9.60323
9.83584
10.0772
10.3189
10.5677
10.8155
11.0684
11.3188
11.5735
11.8225
12.0727
12.3184
12.5657
12.8048
13.0422
13.2721
13.5
13.7176
13.931
14.1353
14.3351
14.5265
14.7133
14.8905
15.0605
15.2202
15.3761
15.5243
15.6652
15.7974
15.9232
16.0429
16.1587
16.268
16.3692
16.4652
16.5563
16.6405
16.7192
16.7939
16.8651
16.9364
17.0041
17.0679
17.1276
17.1869
17.2443
17.3009
17.3537
17.4082
17.4633
17.5182
17.5678
17.6157
17.6625
17.7104
17.7602
17.8096
17.8551
17.9002
17.9443
17.986
18.0292
18.0735
18.1121
18.1465
18.1827
18.2192
18.2547
18.2876
18.3203
18.3458
18.3697
18.3985
18.4288
18.4568
18.4843
18.502
18.5115
18.5238
18.5423
18.5578
18.5717
18.5862
18.5979
18.6039
18.6059
18.6152
18.6309
18.6376
18.6332
18.6376
18.6487
18.6518
18.6484
18.6458
18.64
18.6413
18.6432
18.6372
18.6358
18.6377
18.6277
18.6135
18.6048
18.6004
18.5963
18.5855
18.5753
18.5581
18.5418
18.5283
18.5156
18.4989
18.4771
18.4601
18.4462
18.4267
18.402
18.3779
18.3551
18.3417
18.3233
18.3066
18.2873
18.2565
18.2497
18.2371
18.2274
18.2274
18.2211
18.2307
18.2297
18.2517
18.1751
7.7221
7.58832
7.46597
7.42463
7.38691
7.278
7.15252
7.03146
6.95335
6.90668
6.90271
6.90482
6.91255
6.90036
6.88327
6.84674
6.81117
6.76666
6.73576
6.70861
6.70099
6.70277
6.72751
6.75869
6.8036
6.85056
6.9158
6.9922
7.08469
7.18437
7.29653
7.41384
7.53975
7.67165
7.81395
7.96543
8.12408
8.28992
8.4627
8.64733
8.83785
9.03893
9.24108
9.44903
9.65521
9.87487
10.0962
10.3297
10.5607
10.8018
11.0353
11.2778
11.5128
11.757
11.9884
12.2258
12.451
12.6841
12.9029
13.129
13.3391
13.5536
13.7517
13.9517
14.1336
14.3188
14.4907
14.6678
14.8282
14.9901
15.1374
15.2884
15.4212
15.5554
15.6775
15.8016
15.9137
16.0305
16.1324
16.2336
16.3256
16.4235
16.5066
16.5922
16.6684
16.7466
16.8189
16.897
16.9652
17.0371
17.1027
17.1701
17.2288
17.2877
17.3417
17.4019
17.4585
17.5187
17.5781
17.6329
17.679
17.7281
17.7782
17.8273
17.8729
17.9198
17.9579
17.996
18.044
18.0896
18.1321
18.1679
18.2023
18.2387
18.2683
18.3042
18.3335
18.3551
18.382
18.4112
18.4386
18.4697
18.4933
18.5048
18.517
18.5352
18.5525
18.5651
18.5779
18.5926
18.6025
18.6032
18.6106
18.6288
18.643
18.6344
18.6296
18.6416
18.6505
18.6501
18.6484
18.6411
18.6399
18.6434
18.6318
18.6273
18.6366
18.633
18.6157
18.6013
18.5964
18.5968
18.5829
18.5722
18.5596
18.5437
18.526
18.513
18.5055
18.4802
18.4568
18.4427
18.4264
18.4019
18.3787
18.3587
18.3458
18.3256
18.3106
18.2935
18.2619
18.2553
18.2488
18.2405
18.2411
18.2378
18.2568
18.2633
18.3015
18.2404
7.74264
7.61791
7.48577
7.4442
7.3956
7.31772
7.21332
7.12805
7.06472
7.04521
7.04078
7.0491
7.04968
7.05262
7.0358
7.01286
6.97646
6.94847
6.92399
6.91814
6.91752
6.93421
6.95642
6.99196
7.03232
7.08771
7.1517
7.23299
7.32104
7.41917
7.52347
7.63912
7.76149
7.89388
8.034
8.18021
8.33377
8.49573
8.66603
8.84109
9.02959
9.2241
9.4226
9.62194
9.83128
10.041
10.2587
10.4775
10.7065
10.9315
11.1642
11.3934
11.6284
11.8569
12.0903
12.3133
12.5387
12.755
12.9739
13.182
13.3897
13.5862
13.7847
13.969
14.1502
14.3193
14.4889
14.6484
14.8077
14.9545
15.0991
15.2335
15.3662
15.4894
15.6147
15.7287
15.844
15.9501
16.0555
16.1505
16.2474
16.3389
16.4284
16.5131
16.5997
16.673
16.7501
16.8276
16.9021
16.974
17.0466
17.1139
17.1797
17.2425
17.3038
17.3623
17.4236
17.4849
17.5476
17.6054
17.6559
17.7065
17.7548
17.8054
17.8553
17.904
17.9505
17.9857
18.0265
18.0702
18.1152
18.158
18.1912
18.2251
18.2552
18.2929
18.3262
18.3491
18.3722
18.3994
18.4304
18.4633
18.4847
18.4979
18.5122
18.5314
18.5497
18.562
18.575
18.5895
18.5976
18.5992
18.6126
18.6235
18.6345
18.6398
18.6335
18.6321
18.6425
18.6498
18.6449
18.6388
18.6383
18.6453
18.6327
18.6242
18.6328
18.6301
18.6149
18.5999
18.5925
18.5965
18.5829
18.5678
18.5567
18.5443
18.5259
18.5069
18.5049
18.4814
18.4558
18.4404
18.4252
18.4017
18.3782
18.3597
18.3486
18.3277
18.3123
18.2948
18.2676
18.2601
18.2566
18.2493
18.2516
18.2513
18.2777
18.2903
18.345
18.3018
7.7305
7.59684
7.47991
7.45001
7.43392
7.36754
7.27964
7.20541
7.16507
7.15107
7.15047
7.14531
7.14447
7.14655
7.14231
7.11942
7.09294
7.07262
7.06064
7.05584
7.06605
7.08956
7.1191
7.15035
7.18988
7.24348
7.31318
7.39296
7.48007
7.5753
7.67932
7.79192
7.91387
8.04486
8.18233
8.32606
8.47793
8.6371
8.80373
8.9754
9.15391
9.34052
9.53178
9.73057
9.93882
10.1511
10.3631
10.5759
10.795
11.0158
11.2422
11.47
11.6973
11.9212
12.1457
12.3678
12.5887
12.8012
13.0118
13.2165
13.4183
13.6127
13.8023
13.9821
14.1563
14.3239
14.4876
14.6416
14.7905
14.9349
15.0732
15.2022
15.328
15.4524
15.5726
15.6867
15.7961
15.9045
16.0039
16.1014
16.1948
16.2858
16.3731
16.4634
16.5479
16.6232
16.7016
16.7829
16.8575
16.9317
17.0066
17.0767
17.144
17.2077
17.2718
17.3346
17.3975
17.4582
17.5214
17.5828
17.6378
17.6925
17.7377
17.7886
17.8393
17.8844
17.9411
17.9822
18.0168
18.0591
18.1006
18.1488
18.1859
18.2143
18.2438
18.2829
18.3195
18.3465
18.3699
18.3928
18.4228
18.4572
18.4791
18.4943
18.5082
18.5267
18.5456
18.5565
18.5703
18.5873
18.5944
18.5952
18.6136
18.6202
18.6219
18.6375
18.6361
18.6261
18.637
18.6468
18.6415
18.637
18.6368
18.6438
18.6317
18.625
18.6284
18.6221
18.613
18.5985
18.5898
18.5931
18.5809
18.5634
18.552
18.5415
18.5255
18.5047
18.499
18.4766
18.454
18.4384
18.4223
18.4009
18.3783
18.3593
18.3493
18.3282
18.3121
18.2933
18.273
18.2642
18.2608
18.254
18.2589
18.2611
18.2923
18.31
18.3826
18.3561
7.71983
7.57637
7.4644
7.43676
7.44407
7.40766
7.34274
7.27589
7.24535
7.22624
7.21842
7.20855
7.21392
7.21753
7.21876
7.19696
7.1783
7.16488
7.1614
7.1584
7.17257
7.19263
7.2231
7.25439
7.29649
7.34889
7.42051
7.49562
7.57911
7.67172
7.77621
7.88712
8.0081
8.13554
8.27144
8.41604
8.56554
8.7203
8.88461
9.05979
9.23555
9.41753
9.60224
9.79875
10.0021
10.213
10.4223
10.6389
10.8503
11.0643
11.2826
11.5131
11.735
11.9614
12.1774
12.399
12.6127
12.8243
13.0224
13.2253
13.4279
13.6272
13.8108
13.9859
14.1535
14.3189
14.4781
14.6313
14.7748
14.918
15.0529
15.1812
15.3034
15.4245
15.5429
15.6563
15.7653
15.8702
15.9691
16.0671
16.1622
16.2489
16.3332
16.4228
16.5126
16.5909
16.6707
16.7515
16.8229
16.8975
16.9756
17.0492
17.1194
17.1811
17.247
17.3141
17.3783
17.4374
17.5019
17.5673
17.6247
17.6802
17.7241
17.7778
17.8293
17.8722
17.9271
17.973
18.0092
18.0524
18.0959
18.1398
18.1788
18.2103
18.24
18.2764
18.3106
18.3395
18.3682
18.3928
18.4187
18.4484
18.4723
18.491
18.5049
18.5217
18.5411
18.5524
18.5684
18.5849
18.5925
18.5938
18.609
18.6161
18.6186
18.6304
18.6326
18.6251
18.6353
18.6418
18.6396
18.6371
18.6367
18.6383
18.6273
18.6237
18.6244
18.6165
18.6106
18.5968
18.5886
18.5878
18.5758
18.5592
18.5491
18.537
18.5217
18.5029
18.4943
18.4708
18.4512
18.4359
18.4188
18.3979
18.3782
18.3582
18.3481
18.3264
18.3111
18.2917
18.2764
18.2658
18.2634
18.2561
18.2636
18.2673
18.3025
18.3245
18.4149
18.4049
7.69378
7.56467
7.46451
7.44997
7.45845
7.43847
7.3936
7.34953
7.31472
7.28559
7.26147
7.24695
7.25102
7.25988
7.26345
7.25324
7.23872
7.23205
7.22575
7.22209
7.23266
7.25617
7.28869
7.32121
7.35713
7.40607
7.47978
7.55644
7.63161
7.72306
7.8323
7.94491
8.06276
8.18914
8.32459
8.47099
8.62193
8.77619
8.93528
9.10302
9.28159
9.46559
9.64973
9.84352
10.044
10.2478
10.4555
10.6696
10.8806
11.0891
11.3083
11.5279
11.7464
11.9688
12.1926
12.4047
12.6168
12.8247
13.0215
13.2111
13.4155
13.6172
13.8014
13.9759
14.141
14.301
14.4575
14.6103
14.7575
14.8981
15.0301
15.1573
15.281
15.3994
15.5146
15.6289
15.7378
15.8415
15.942
16.0403
16.1337
16.2196
16.3034
16.3933
16.4851
16.5642
16.6448
16.7288
16.8004
16.8739
16.9511
17.0251
17.0986
17.1617
17.2291
17.2987
17.3625
17.4237
17.4877
17.5554
17.6121
17.6652
17.7134
17.7703
17.8221
17.8664
17.9173
17.9643
18.0043
18.0459
18.0931
18.1312
18.1686
18.2091
18.24
18.2717
18.3056
18.3336
18.3622
18.3933
18.4178
18.4413
18.4658
18.4855
18.5018
18.5184
18.5377
18.5506
18.5673
18.5811
18.5902
18.5929
18.6036
18.6117
18.6179
18.6235
18.6273
18.6254
18.6333
18.6377
18.6371
18.6354
18.6359
18.6329
18.6239
18.6214
18.6213
18.613
18.6061
18.5943
18.5863
18.5826
18.571
18.5548
18.5457
18.5319
18.517
18.4988
18.4893
18.4668
18.4484
18.4324
18.4153
18.3941
18.377
18.3563
18.3456
18.3234
18.3092
18.29
18.2776
18.2652
18.2642
18.2561
18.266
18.27
18.309
18.3338
18.4407
18.4458
7.68138
7.56097
7.46807
7.46937
7.48071
7.46626
7.4286
7.391
7.34323
7.31341
7.29477
7.28483
7.27763
7.28351
7.28666
7.28006
7.2668
7.26964
7.26751
7.27194
7.27539
7.30005
7.33421
7.3724
7.40372
7.4422
7.50299
7.58399
7.66483
7.75682
7.86165
7.97291
8.0869
8.21458
8.35075
8.50074
8.65593
8.80972
8.9663
9.12762
9.30061
9.4819
9.6691
9.86042
10.0595
10.2629
10.4662
10.6732
10.8847
11.0931
11.3088
11.5264
11.7388
11.9553
12.1823
12.3926
12.598
12.8086
13.005
13.1904
13.3867
13.5881
13.7753
13.9529
14.1172
14.2767
14.4285
14.5791
14.7282
14.8696
15.0003
15.1274
15.2522
15.3715
15.485
15.6008
15.7127
15.8119
15.912
16.0147
16.1077
16.1925
16.2784
16.3699
16.4616
16.5422
16.6216
16.7043
16.781
16.8566
16.9328
17.0064
17.0816
17.1475
17.2167
17.2846
17.348
17.4114
17.4767
17.5458
17.6021
17.6523
17.7055
17.7632
17.8151
17.8619
17.9108
17.9569
18.0006
18.0413
18.0889
18.1263
18.1621
18.2054
18.2387
18.2668
18.3015
18.3301
18.3588
18.3905
18.4158
18.4361
18.462
18.4814
18.4997
18.5161
18.5365
18.5492
18.5663
18.5773
18.5867
18.5908
18.6
18.6081
18.6162
18.6185
18.6235
18.6241
18.6316
18.6343
18.6346
18.6326
18.6337
18.6284
18.6221
18.6187
18.6184
18.6094
18.6018
18.5909
18.5837
18.5771
18.5662
18.5499
18.5416
18.5261
18.5129
18.494
18.4837
18.4628
18.4458
18.4276
18.4119
18.3903
18.3751
18.3531
18.3423
18.3195
18.3069
18.2874
18.2775
18.2628
18.2637
18.2543
18.2669
18.2698
18.3128
18.3391
18.4609
18.4802
7.67243
7.55427
7.46639
7.47439
7.5095
7.50827
7.47381
7.42623
7.37263
7.33066
7.30641
7.29424
7.28635
7.28951
7.29992
7.29877
7.28502
7.27873
7.28159
7.29488
7.30977
7.33104
7.36018
7.39023
7.42608
7.46506
7.51713
7.59081
7.68154
7.7732
7.87499
7.98444
8.09761
8.22805
8.36586
8.51301
8.67126
8.8247
8.97778
9.1435
9.30814
9.47795
9.66832
9.86395
10.0551
10.2545
10.4602
10.6677
10.8747
11.0788
11.2901
11.5079
11.7226
11.9315
12.1528
12.3635
12.567
12.7757
12.9718
13.1609
13.3514
13.5456
13.7344
13.9131
14.0817
14.2411
14.3906
14.542
14.6931
14.8327
14.9637
15.0931
15.2188
15.339
15.4532
15.5665
15.6811
15.784
15.883
15.9853
16.0787
16.166
16.2553
16.3466
16.4377
16.5207
16.6005
16.683
16.7621
16.84
16.9167
16.9897
17.0657
17.1362
17.2057
17.2701
17.3362
17.4013
17.4683
17.5359
17.5929
17.644
17.6989
17.7564
17.8086
17.8574
17.9055
17.9513
17.996
18.0382
18.0848
18.1233
18.1596
18.2006
18.2356
18.2625
18.2969
18.3269
18.357
18.3862
18.4134
18.4331
18.4593
18.4785
18.4982
18.5146
18.5356
18.5473
18.5645
18.5745
18.5839
18.5885
18.5975
18.6046
18.6138
18.6154
18.6211
18.6224
18.6296
18.6311
18.6321
18.6299
18.6311
18.6252
18.6206
18.6156
18.6153
18.6058
18.5987
18.5876
18.5808
18.5716
18.5614
18.5453
18.5372
18.5204
18.5087
18.4895
18.4785
18.4585
18.4424
18.4229
18.4083
18.3865
18.3726
18.3491
18.3384
18.3155
18.3042
18.284
18.2759
18.2596
18.2616
18.2512
18.2661
18.2675
18.3137
18.3407
18.4748
18.5082
7.648
7.55014
7.46556
7.4735
7.52542
7.53744
7.5101
7.4588
7.40229
7.35434
7.32492
7.30254
7.28519
7.28425
7.30033
7.31339
7.30542
7.28672
7.28154
7.2975
7.3194
7.3436
7.37401
7.39777
7.42678
7.47483
7.5223
7.58424
7.67616
7.77516
7.87539
7.98311
8.09902
8.22071
8.35271
8.50445
8.67106
8.82282
8.96933
9.14005
9.30712
9.46936
9.65525
9.85381
10.0423
10.2338
10.4446
10.6499
10.8507
11.0531
11.2632
11.4812
11.6964
11.9003
12.1123
12.3228
12.5276
12.7336
12.9288
13.1206
13.3079
13.4985
13.6855
13.8685
14.0367
14.1975
14.3452
14.5001
14.6487
14.7905
14.9209
15.0549
15.1777
15.3005
15.4191
15.5308
15.6431
15.7515
15.8529
15.9534
16.0481
16.1377
16.2301
16.3221
16.413
16.4976
16.5792
16.6638
16.745
16.8213
16.9023
16.9725
17.0523
17.123
17.1949
17.2564
17.3278
17.3916
17.4599
17.5263
17.5845
17.6384
17.6929
17.7497
17.8034
17.8534
17.9011
17.947
17.9917
18.0357
18.0823
18.1187
18.1592
18.1957
18.2329
18.2582
18.2945
18.3224
18.3554
18.3819
18.4123
18.4304
18.4573
18.4751
18.4983
18.5126
18.5354
18.5446
18.5628
18.5716
18.583
18.5861
18.596
18.6011
18.6122
18.6125
18.62
18.6202
18.6276
18.6274
18.6304
18.6265
18.6292
18.6224
18.6193
18.6119
18.613
18.6021
18.5969
18.5839
18.5775
18.5661
18.5573
18.5405
18.5332
18.5147
18.5049
18.4844
18.4743
18.4538
18.4387
18.4179
18.4051
18.3818
18.3698
18.3442
18.3349
18.3105
18.3016
18.2794
18.274
18.2549
18.2594
18.2464
18.2648
18.2628
18.3135
18.3383
18.4853
18.5296
7.6129
7.50802
7.43263
7.44977
7.51422
7.5364
7.52908
7.49034
7.44486
7.41092
7.39782
7.36925
7.33329
7.32145
7.3407
7.34758
7.33303
7.31032
7.30002
7.30563
7.32571
7.34726
7.37104
7.3964
7.43583
7.48386
7.5179
7.56821
7.65911
7.75898
7.84936
7.95256
8.07203
8.19106
8.32138
8.47529
8.64085
8.79493
8.94441
9.11387
9.28192
9.44829
9.6339
9.83264
10.018
10.2097
10.4186
10.625
10.8239
11.0242
11.2337
11.4496
11.6598
11.8628
12.0697
12.2772
12.4825
12.6864
12.8823
13.0743
13.262
13.4477
13.6363
13.8157
13.9875
14.148
14.3002
14.4504
14.6007
14.742
14.8775
15.0103
15.1342
15.2576
15.3795
15.4935
15.6042
15.7139
15.8189
15.9187
16.0155
16.109
16.2028
16.2952
16.3861
16.473
16.5576
16.6437
16.7248
16.8035
16.8849
16.958
17.0376
17.1106
17.1826
17.2472
17.3182
17.3833
17.4512
17.5178
17.5773
17.6333
17.6882
17.7436
17.7983
17.8494
17.8971
17.9431
17.9885
18.0343
18.079
18.1155
18.1572
18.1928
18.23
18.2558
18.2917
18.3196
18.3528
18.3793
18.4104
18.429
18.4545
18.4732
18.4972
18.5117
18.5346
18.5432
18.5606
18.5699
18.582
18.5845
18.594
18.5987
18.6103
18.6106
18.6187
18.6185
18.625
18.6244
18.628
18.6236
18.6271
18.6202
18.6172
18.6088
18.6104
18.5995
18.5946
18.5805
18.5735
18.5616
18.5532
18.5361
18.5288
18.5101
18.5005
18.4798
18.4699
18.4495
18.4345
18.4133
18.401
18.3775
18.3659
18.3395
18.3304
18.3059
18.2976
18.2751
18.2702
18.2504
18.2555
18.2418
18.2611
18.2582
18.3098
18.3349
18.4875
18.5466
7.65679
7.5351
7.4286
7.40721
7.43297
7.44246
7.43503
7.40868
7.36554
7.34298
7.3505
7.34418
7.31788
7.31292
7.32547
7.3304
7.32135
7.3153
7.30831
7.3117
7.32516
7.34266
7.35491
7.37895
7.44534
7.51678
7.57009
7.635
7.74236
7.85565
7.92165
7.98451
8.07444
8.17912
8.30143
8.44359
8.60019
8.75697
8.91292
9.07878
9.2488
9.42224
9.61115
9.80522
9.9911
10.1839
10.3892
10.595
10.7971
10.9968
11.204
11.4159
11.6213
11.8242
12.0291
12.2327
12.4361
12.6386
12.8353
13.0287
13.2162
13.4003
13.5852
13.764
13.9369
14.1003
14.253
14.4027
14.552
14.6949
14.8316
14.965
15.0911
15.2159
15.3387
15.4549
15.5661
15.6757
15.7827
15.8839
15.983
16.0799
16.1744
16.2671
16.3589
16.4486
16.5363
16.6228
16.7052
16.7859
16.8682
16.9446
17.0243
17.0986
17.1721
17.2395
17.3099
17.376
17.4438
17.511
17.5718
17.6291
17.6845
17.7388
17.7939
17.846
17.894
17.94
17.9863
18.0328
18.0767
18.114
18.1554
18.1911
18.2282
18.2546
18.2893
18.3179
18.3505
18.3778
18.409
18.4284
18.4527
18.4721
18.496
18.5118
18.5342
18.5428
18.559
18.569
18.5811
18.5835
18.5921
18.5973
18.6086
18.6096
18.6175
18.6174
18.6227
18.6222
18.6254
18.6213
18.6251
18.6187
18.615
18.6063
18.6082
18.5977
18.592
18.5775
18.5698
18.5581
18.5494
18.5324
18.5248
18.5063
18.4961
18.476
18.4659
18.4459
18.4305
18.4094
18.3969
18.3738
18.3618
18.3356
18.3259
18.302
18.2932
18.2713
18.2659
18.2463
18.2507
18.2376
18.2561
18.2537
18.3041
18.3305
18.483
18.5566
7.53932
7.46461
7.40348
7.38538
7.41336
7.4618
7.52688
7.5952
7.65318
7.66798
7.61437
7.54492
7.48508
7.43111
7.38946
7.36491
7.34983
7.33403
7.31828
7.3199
7.33041
7.32918
7.32528
7.31343
7.27622
7.27096
7.3175
7.38197
7.42094
7.45881
7.58167
7.75829
7.92466
8.07977
8.23484
8.39119
8.55242
8.71619
8.87793
9.04373
9.21615
9.39425
9.58271
9.7759
9.96488
10.1583
10.3597
10.5646
10.7692
10.9702
11.1746
11.383
11.5882
11.7921
11.9973
12.2006
12.4023
12.6032
12.7999
12.9931
13.1815
13.364
13.546
13.7244
13.8972
14.0613
14.2144
14.3642
14.5133
14.6564
14.7928
14.9258
15.0541
15.1796
15.3021
15.4193
15.5317
15.6416
15.7495
15.8529
15.9538
16.0528
16.1486
16.2426
16.3364
16.4284
16.5183
16.6061
16.6904
16.7731
16.8566
16.9356
17.0154
17.0911
17.1654
17.2349
17.3049
17.3723
17.4399
17.507
17.5689
17.6268
17.6824
17.7365
17.7916
17.8442
17.8927
17.939
17.9856
18.0321
18.076
18.1146
18.155
18.1913
18.2281
18.2552
18.2886
18.3181
18.3501
18.3785
18.4092
18.4297
18.4529
18.4725
18.4959
18.5127
18.5344
18.5438
18.559
18.5699
18.5811
18.5838
18.5917
18.5977
18.6087
18.6103
18.6178
18.6182
18.6221
18.622
18.6245
18.6211
18.6245
18.6191
18.6146
18.606
18.6077
18.5978
18.5909
18.576
18.5677
18.5565
18.5472
18.5306
18.5226
18.5047
18.4938
18.4744
18.464
18.4444
18.4286
18.408
18.395
18.3725
18.3597
18.3339
18.3234
18.3004
18.2909
18.2698
18.2635
18.2445
18.2478
18.2356
18.2527
18.2514
18.3
18.3279
18.4782
18.5623
19.8306
18.9803
18.0159
17.4736
17.1979
16.984
16.7039
16.3464
15.8932
15.3804
14.8485
14.2666
13.7094
13.1181
12.528
11.8612
11.1247
10.2651
9.35088
8.41504
7.19399
5.94859
4.67971
2.84849
1.29117
19.4804
18.8006
17.9648
17.4642
17.1876
16.9629
16.6718
16.3025
15.854
15.335
14.8082
14.2329
13.6733
13.0931
12.494
11.8335
11.0991
10.2415
9.32096
8.38163
7.19392
5.92093
4.60105
2.7963
1.27238
19.1339
18.6487
17.9628
17.4957
17.2039
16.9525
16.6442
16.2567
15.813
15.2934
14.7701
14.2107
13.6495
13.083
12.4712
11.815
11.0792
10.2333
9.30084
8.34693
7.18994
5.88954
4.52982
2.73861
1.28978
18.8642
18.4981
17.9292
17.4877
17.1841
16.9111
16.5936
16.1988
15.7592
15.2522
14.7327
14.1907
13.6331
13.0733
12.4551
11.7958
11.0578
10.2239
9.28694
8.31254
7.17187
5.85799
4.4882
2.7012
1.32539
18.6467
18.3461
17.8708
17.4605
17.1529
16.8667
16.5431
16.1489
15.7109
15.2191
14.7049
14.1745
13.622
13.0617
12.441
11.7764
11.0341
10.2061
9.27091
8.27696
7.14487
5.82594
4.45576
2.66708
1.34663
18.4648
18.2037
17.801
17.4236
17.116
16.8217
16.4933
16.1026
15.6678
15.1889
14.682
14.1589
13.6112
13.0468
12.4257
11.7573
11.0091
10.1832
9.25183
8.24206
7.11652
5.79585
4.42665
2.6315
1.35749
18.3094
18.0748
17.7273
17.3803
17.0755
16.7766
16.4457
16.0594
15.6297
15.1612
14.6625
14.144
13.6001
13.0314
12.4102
11.7383
10.9851
10.1602
9.23142
8.21131
7.08981
5.76958
4.40062
2.59775
1.36636
18.175
17.9594
17.6533
17.3329
17.033
16.7318
16.4005
16.0187
15.5952
15.1355
14.6445
14.1294
13.5886
13.0171
12.3946
11.719
10.9638
10.1386
9.21061
8.18592
7.06523
5.747
4.3784
2.56831
1.37632
18.0575
17.8564
17.5814
17.2833
16.9898
16.6882
16.3581
15.9811
15.5639
15.1117
14.6272
14.1151
13.5771
13.0035
12.3793
11.7005
10.9448
10.1181
9.19089
8.16445
7.04296
5.7267
4.35949
2.54122
1.3873
17.9542
17.7645
17.5133
17.2335
16.9471
16.6465
16.3182
15.9465
15.5349
15.0896
14.6106
14.1015
13.5658
12.9904
12.3646
11.6831
10.9275
10.099
9.17318
8.14565
7.02271
5.7082
4.34459
2.51685
1.39867
17.8629
17.6827
17.4496
17.1847
16.9056
16.6072
16.2811
15.9146
15.5083
15.0691
14.5953
14.0888
13.5548
12.9782
12.351
11.6671
10.9117
10.0818
9.15725
8.12877
7.00394
5.69107
4.33218
2.4946
1.40995
17.7824
17.6097
17.3904
17.1376
16.8653
16.57
16.2465
15.8846
15.4836
15.0497
14.5807
14.0768
13.5441
12.9667
12.3379
11.6522
10.8971
10.0663
9.14277
8.11393
6.9872
5.676
4.32193
2.4748
1.42088
17.7111
17.5446
17.3359
17.093
16.8271
16.5349
16.2142
15.8568
15.4608
15.0313
14.567
14.0656
13.5339
12.9557
12.3257
11.6388
10.8837
10.0525
9.12957
8.10065
6.97233
5.66237
4.31273
2.45659
1.43173
17.648
17.4862
17.286
17.0513
16.7909
16.5019
16.1841
15.8308
15.4396
15.0139
14.5538
14.055
13.5241
12.9452
12.3144
11.6266
10.8714
10.04
9.11756
8.08876
6.95915
5.65053
4.30509
2.44011
1.44217
17.5922
17.4341
17.2405
17.0127
16.757
16.4712
16.1563
15.8069
15.42
14.9978
14.5413
14.0454
13.5149
12.9356
12.3041
11.6156
10.8603
10.0286
9.10662
8.07786
6.94703
5.63993
4.29842
2.42501
1.45238
17.5432
17.388
17.1994
16.9771
16.7255
16.4426
16.1307
15.7845
15.4017
14.9827
14.5292
14.0362
13.5062
12.9265
12.2944
11.6051
10.85
10.0181
9.09664
8.06797
6.93614
5.6307
4.293
2.41152
1.46193
17.5005
17.3473
17.1624
16.9444
16.6963
16.4166
16.1073
15.7639
15.3847
14.9689
14.518
14.0276
13.498
12.9177
12.2856
11.5955
10.8405
10.0086
9.0878
8.05885
6.92621
5.6225
4.28818
2.39922
1.47129
17.4633
17.3116
17.1291
16.9146
16.6697
16.3927
16.0855
15.7448
15.3687
14.9558
14.5073
14.0194
13.49
12.9088
12.2769
11.5863
10.8313
9.99982
9.07975
8.05054
6.9173
5.61569
4.28436
2.38813
1.47997
17.4313
17.2803
17.0994
16.8878
16.6457
16.3709
16.0658
15.7274
15.354
14.9436
14.4973
14.0116
13.4823
12.9005
12.2687
11.5776
10.8228
9.99174
9.07239
8.04298
6.90925
5.60987
4.28104
2.37811
1.48845
17.4039
17.253
17.0731
16.8636
16.6239
16.3509
16.0478
15.7114
15.3399
14.9319
14.4879
14.004
13.4744
12.8924
12.2606
11.5688
10.8144
9.9841
9.06556
8.03626
6.90221
5.60527
4.27839
2.36924
1.49623
17.3806
17.2292
17.0499
16.8421
16.6043
16.333
16.0316
15.6967
15.3267
14.9209
14.4791
13.9969
13.4667
12.8848
12.2529
11.5602
10.8067
9.97725
9.05959
8.03005
6.89578
5.6016
4.27604
2.36122
1.50367
17.3607
17.2084
17.0297
16.8231
16.5866
16.3165
16.0167
15.6832
15.3141
14.9102
14.4705
13.9898
13.4588
12.877
12.2449
11.5514
10.7992
9.97093
9.05412
8.02402
6.88985
5.5989
4.27431
2.35382
1.51008
17.3436
17.1904
17.0124
16.8065
16.5706
16.3015
16.0033
15.6709
15.3023
14.9001
14.4626
13.9833
13.4514
12.8697
12.2373
11.543
10.7925
9.96541
9.04922
8.01806
6.88415
5.59667
4.27299
2.34668
1.51568
17.3287
17.1745
16.9978
16.7921
16.5561
16.2875
15.9914
15.6599
15.2904
14.8899
14.4551
13.9775
13.444
12.8626
12.2297
11.5344
10.786
9.96046
9.04446
8.01216
6.87871
5.59477
4.2724
2.33986
1.5198
17.3159
17.1608
16.9858
16.7802
16.5437
16.2748
15.9812
15.6507
15.2795
14.8798
14.448
13.9726
13.4367
12.8566
12.2234
11.5265
10.7802
9.95624
9.04008
8.00638
6.8738
5.59259
4.27197
2.33403
1.52297
17.3053
17.1494
16.9763
16.77
16.5334
16.2636
15.9717
15.6428
15.2701
14.8703
14.4403
13.9677
13.4291
12.8508
12.2177
11.5187
10.7741
9.95185
9.03556
8.0004
6.86909
5.58908
4.27149
2.32941
1.52376
17.2971
17.1411
16.9691
16.761
16.525
16.2552
15.9632
15.6347
15.2627
14.8633
14.4331
13.9613
13.4232
12.8446
12.2115
11.5128
10.7677
9.94816
9.03226
7.99347
6.86431
5.5846
4.27034
2.32686
1.52119
17.2905
17.1361
16.9626
16.7534
16.5178
16.2497
15.9562
15.625
15.2549
14.8568
14.4257
13.9531
13.4187
12.8376
12.2034
11.5085
10.7613
9.94416
9.02956
7.98592
6.86146
5.58132
4.26654
2.32703
1.51482
17.2861
17.1338
16.9575
16.749
16.5136
16.2459
15.9492
15.6156
15.2476
14.8501
14.4181
13.9455
13.4143
12.8303
12.196
11.5049
10.7564
9.93885
9.02573
7.98042
6.86128
5.57823
4.26185
2.32651
1.51115
17.286
17.1348
16.9567
16.7482
16.5114
16.2426
15.9431
15.6089
15.2425
14.8445
14.4111
13.9375
13.4077
12.8233
12.19
11.4999
10.7502
9.93228
9.02126
7.97782
6.86174
5.5726
4.26043
2.32411
1.50917
17.2904
17.1394
16.9601
16.7503
16.5118
16.2418
15.9403
15.6058
15.2394
14.8401
14.4052
13.9296
13.4007
12.8182
12.1859
11.4947
10.7445
9.92601
9.01754
7.97718
6.86325
5.56557
4.26182
2.32014
1.50925
17.2998
17.1488
16.9677
16.7559
16.5155
16.2439
15.9406
15.605
15.2369
14.836
14.3997
13.9219
13.3937
12.8134
12.1818
11.4899
10.7399
9.91982
9.01471
7.97673
6.86587
5.55857
4.26486
2.31474
1.51291
17.3152
17.1637
16.98
16.7658
16.5232
16.2495
15.9439
15.6061
15.2357
14.833
14.3951
13.9157
13.3882
12.8092
12.1781
11.4862
10.737
9.91493
9.01357
7.97574
6.86969
5.55189
4.26969
2.30711
1.52009
17.3377
17.1846
16.9978
16.7805
16.5352
16.2585
15.95
15.6091
15.236
14.8314
14.3917
13.9109
13.384
12.8056
12.1747
11.483
10.735
9.91123
9.01389
7.97441
6.87515
5.54568
4.2776
2.29743
1.53157
17.3681
17.2121
17.0207
16.7996
16.5512
16.2713
15.9592
15.6145
15.2388
14.8322
14.3902
13.9083
13.3816
12.8036
12.1729
11.4811
10.7348
9.90923
9.0163
7.97334
6.883
5.53958
4.28864
2.28441
1.54724
17.4077
17.2468
17.0485
16.8228
16.571
16.2877
15.9713
15.6225
15.2439
14.8346
14.3903
13.9072
13.3804
12.8026
12.1723
11.4801
10.736
9.90808
9.02043
7.97235
6.89323
5.53287
4.30344
2.26802
1.56832
17.4572
17.2888
17.0813
16.8504
16.5949
16.3074
15.9864
15.6332
15.2514
14.8387
14.3926
13.9077
13.3809
12.8031
12.173
11.4805
10.7389
9.90788
9.02662
7.97103
6.90605
5.52481
4.32204
2.24674
1.59397
17.5169
17.3382
17.1194
16.8828
16.6231
16.3306
16.0041
15.6461
15.2605
14.8441
14.3965
13.9094
13.3823
12.8039
12.1745
11.4815
10.7431
9.90816
9.03479
7.96879
6.92148
5.51543
4.34512
2.22192
1.62604
17.5862
17.3947
17.1628
16.9198
16.6553
16.357
16.0244
15.6612
15.2714
14.8506
14.4019
13.9129
13.3849
12.8058
12.1771
11.4829
10.7504
9.90995
9.04622
7.96516
6.94192
5.50386
4.37479
2.19024
1.66412
17.6651
17.4583
17.2115
16.9614
16.6916
16.3865
16.047
15.6781
15.2839
14.858
14.4084
13.9175
13.3883
12.8087
12.1805
11.4844
10.7598
9.9127
9.06093
7.96135
6.96676
5.49063
4.41121
2.15446
1.71024
17.7524
17.5283
17.2649
17.0069
16.7314
16.4181
16.0715
15.697
15.2986
14.8673
14.4167
13.9227
13.3939
12.8141
12.1881
11.4878
10.7706
9.91644
9.08006
7.95729
6.99585
5.47461
4.45531
2.11296
1.7621
17.8476
17.6063
17.3238
17.0559
16.7742
16.4504
16.0967
15.7179
15.3156
14.8793
14.4277
13.9274
13.4032
12.8218
12.2006
11.4918
10.785
9.92116
9.10274
7.95297
7.02904
5.45751
4.50781
2.06884
1.82236
17.9443
17.6886
17.3859
17.1061
16.8181
16.4824
16.121
15.739
15.334
14.893
14.4427
13.932
13.4171
12.8302
12.2179
11.4949
10.8088
9.92258
9.13194
7.94653
7.07202
5.43881
4.57253
2.01675
1.88975
18.0392
17.7655
17.4445
17.1567
16.8591
16.5129
16.1465
15.7594
15.3528
14.9058
14.4594
13.9399
13.4326
12.8365
12.2376
11.4991
10.8365
9.92077
9.16435
7.94238
7.11776
5.42145
4.63828
1.97105
1.95869
18.1351
17.8397
17.4985
17.2035
16.895
16.5425
16.1728
15.7795
15.3725
14.9199
14.4769
13.9523
13.4487
12.8433
12.2612
11.5063
10.8637
9.92069
9.19807
7.94023
7.16627
5.40558
4.70397
1.92813
2.02224
18.2335
17.913
17.5486
17.2442
16.9279
16.57
16.1966
15.7983
15.3915
14.9349
14.4914
13.9653
13.4655
12.8525
12.2832
11.5142
10.889
9.92265
9.2296
7.93983
7.20927
5.39579
4.76261
1.89472
2.08045
18.3302
17.9823
17.5931
17.2812
16.9597
16.5947
16.2185
15.8157
15.4103
14.95
14.5068
13.979
13.4849
12.8631
12.3045
11.5229
10.9151
9.92479
9.2634
7.93847
7.25265
5.38762
4.81967
1.8631
2.13242
18.4292
18.0478
17.6321
17.3154
16.9887
16.6171
16.2384
15.8319
15.4283
14.9652
14.524
13.9929
13.5034
12.8741
12.3258
11.5333
10.9392
9.93046
9.29509
7.94244
7.29224
5.38604
4.87098
1.84334
2.1805
18.5267
18.1105
17.6665
17.3463
17.0147
16.6383
16.2573
15.8479
15.4467
14.9801
14.5422
14.0063
13.5223
12.8853
12.3485
11.5432
10.964
9.93738
9.32692
7.94649
7.33273
5.38439
4.92146
1.82339
2.22432
18.6262
18.1706
17.6964
17.3737
17.038
16.6588
16.2748
15.8639
15.4639
14.9951
14.5593
14.02
13.5399
12.8978
12.3694
11.5544
10.9872
9.94721
9.3555
7.95436
7.3681
5.3877
4.96486
1.81328
2.26534
18.7243
18.2283
17.7215
17.3979
17.0593
16.6787
16.2918
15.8795
15.4809
15.0095
14.5761
14.0335
13.5577
12.9103
12.3904
11.565
11.0115
9.95573
9.38473
7.96071
7.40377
5.38963
5.00832
1.80281
2.30334
18.8236
18.2831
17.7417
17.4195
17.0786
16.6975
16.3071
15.8948
15.4962
15.0233
14.5912
14.0464
13.5739
12.9225
12.4098
11.5754
11.0337
9.9637
9.41179
7.96652
7.43605
5.39121
5.04747
1.7932
2.33869
18.9221
18.3338
17.7584
17.4387
17.096
16.7151
16.3208
15.9092
15.51
15.0364
14.6047
14.0588
13.5881
12.9346
12.4266
11.5865
11.0523
9.97303
9.43423
7.9743
7.46207
5.39657
5.07874
1.78958
2.37092
19.0163
18.3863
17.7745
17.4569
17.1123
16.7317
16.3351
15.9219
15.5245
15.0473
14.6196
14.0685
13.6052
12.9424
12.4479
11.5917
11.0777
9.97408
9.46612
7.97024
7.50367
5.38328
5.1346
1.75801
2.39964
19.1131
18.4322
17.7936
17.4741
17.1282
16.7477
16.3486
15.9352
15.5373
15.0595
14.6321
14.0801
13.6182
12.9537
12.463
11.6025
11.0941
9.98376
9.48505
7.97889
7.52604
5.38999
5.16202
1.76007
2.42418
19.2019
18.4706
17.8143
17.4894
17.1424
16.7613
16.3605
15.9472
15.5476
15.0711
14.6417
14.0915
13.6274
12.9658
12.4724
11.6156
11.103
9.99811
9.4937
7.99541
7.53389
5.41021
5.16849
1.78537
2.44131
19.2764
18.5002
17.8329
17.5016
17.1539
16.7714
16.3698
15.9564
15.5553
15.0802
14.6489
14.1008
13.6339
12.9763
12.4786
11.6275
11.1082
10.0119
9.49783
8.01152
7.53605
5.43044
5.16765
1.81155
2.45332
)
;

boundaryField
{
    inlet
    {
        type            zeroGradient;
    }
    outlet
    {
        type            fixedValue;
        value           uniform 0;
    }
    upperWall
    {
        type            zeroGradient;
    }
    lowerWall
    {
        type            zeroGradient;
    }
    frontAndBack
    {
        type            empty;
    }
}


// ************************************************************************* //
